0 IRIDIUM 106
1 41917U 17003A   24001.31419182  .00000498  00000-0  17070-3 0  9998
2 41917  86.3973 103.7858 0001789  84.8088 275.3312 14.34215963364513
0 IRIDIUM 106
1 41917U 17003A   24001.80257180  .00000318  00000-0  10659-3 0  9997
2 41917  86.3972 103.5815 0001781  87.5868 272.5532 14.34216085364587
0 IRIDIUM 106
1 41917U 17003A   24002.36072020  .00000476  00000-0  16286-3 0  9994
2 41917  86.3972 103.3481 0001774  86.8543 273.2856 14.34217001364663
0 IRIDIUM 106
1 41917U 17003A   24002.77933152  .00000448  00000-0  15300-3 0  9996
2 41917  86.3972 103.1732 0001771  87.5849 272.5550 14.34217223364720
0 IRIDIUM 103
1 41918U 17003B   24001.58058151  .00000451  00000-0  15396-3 0  9991
2 41918  86.3972 103.5768 0002363  93.9190 266.2276 14.34218668364574
0 IRIDIUM 103
1 41918U 17003B   24001.92942383  .00000421  00000-0  14321-3 0  9992
2 41918  86.3971 103.4310 0002347  93.0703 267.0761 14.34218896364625
0 IRIDIUM 103
1 41918U 17003B   24002.20849774  .00000379  00000-0  12841-3 0  9991
2 41918  86.3970 103.3144 0002356  92.8806 267.2660 14.34219021364675
0 IRIDIUM 103
1 41918U 17003B   24002.55734033  .00000255  00000-0  84025-4 0  9997
2 41918  86.3972 103.1686 0002375  93.7710 266.3757 14.34218663364714
0 IRIDIUM 103
1 41918U 17003B   24002.69687725  .00000253  00000-0  83369-4 0  9995
2 41918  86.3972 103.1103 0002375  93.7027 266.4440 14.34218738364734
0 IRIDIUM 109
1 41919U 17003C   24001.37761679  .00000402  00000-0  13662-3 0  9995
2 41919  86.3975 103.7063 0002222 103.5626 256.5818 14.34216297364518
0 IRIDIUM 109
1 41919U 17003C   24001.79622824  .00000351  00000-0  11819-3 0  9994
2 41919  86.3974 103.5313 0002227 103.6938 256.4506 14.34216450364575
0 IRIDIUM 109
1 41919U 17003C   24002.21483946  .00000415  00000-0  14130-3 0  9992
2 41919  86.3974 103.3562 0002232 103.3342 256.8103 14.34217101364651
0 IRIDIUM 109
1 41919U 17003C   24002.35437653  .00000414  00000-0  14072-3 0  9995
2 41919  86.3974 103.2979 0002236 103.2593 256.8852 14.34217217364652
0 IRIDIUM 109
1 41919U 17003C   24002.77298780  .00000396  00000-0  13440-3 0  9994
2 41919  86.3974 103.1230 0002247 103.1698 256.9749 14.34217441364710
0 IRIDIUM 102
1 41920U 17003D   24001.34590436  .00000304  00000-0  10138-3 0  9991
2 41920  86.3972 103.6624 0002176 102.3226 257.8213 14.34218177364590
0 IRIDIUM 102
1 41920U 17003D   24001.69474676  .00000296  00000-0  98571-4 0  9994
2 41920  86.3973 103.5166 0002183 102.2502 257.8938 14.34218359364647
0 IRIDIUM 102
1 41920U 17003D   24002.32266524  .00000308  00000-0  10285-3 0  9995
2 41920  86.3963 103.2541 0002243  90.2065 269.9388 14.34219213364730
0 IRIDIUM 102
1 41920U 17003D   24002.81104505  .00000146  00000-0  45073-4 0  9993
2 41920  86.3970 103.0502 0002053  95.6755 264.4675 14.34216804364807
0 IRIDIUM 105
1 41921U 17003E   24001.59566156  .00000270  00000-0  89287-4 0  9995
2 41921  86.3960  71.9627 0002162  93.7106 266.4337 14.34203251366483
0 IRIDIUM 105
1 41921U 17003E   24001.73519994  .00000301  00000-0  10050-3 0  9995
2 41921  86.3960  71.9043 0002164  93.5233 266.6210 14.34203424366503
0 IRIDIUM 105
1 41921U 17003E   24002.57243013  .00000338  00000-0  11369-3 0  9998
2 41921  86.3959  71.5542 0002167  93.3661 266.7783 14.34204123366623
0 IRIDIUM 105
1 41921U 17003E   24002.71196845  .00000335  00000-0  11275-3 0  9997
2 41921  86.3959  71.4959 0002168  93.4223 266.7221 14.34204219366645
0 IRIDIUM 104
1 41922U 17003F   24001.35859130  .00000410  00000-0  13939-3 0  9993
2 41922  86.3973 103.6859 0002286  99.2868 260.8587 14.34217999364589
0 IRIDIUM 104
1 41922U 17003F   24001.77720226  .00000378  00000-0  12801-3 0  9992
2 41922  86.3973 103.5110 0002279  98.4368 261.7086 14.34218226364641
0 IRIDIUM 104
1 41922U 17003F   24002.33534990  .00000422  00000-0  14349-3 0  9995
2 41922  86.3973 103.2778 0002284  98.0547 262.0907 14.34218935364721
0 IRIDIUM 104
1 41922U 17003F   24002.75396066  .00000402  00000-0  13637-3 0  9998
2 41922  86.3973 103.1029 0002294  98.2162 261.9294 14.34219153364781
0 IRIDIUM 114
1 41923U 17003G   24001.36492269  .00000676  00000-0  23426-3 0  9997
2 41923  86.3972 103.6696 0001848  90.0036 270.1371 14.34215039364563
0 IRIDIUM 114
1 41923U 17003G   24001.78353458  .00000652  00000-0  22558-3 0  9998
2 41923  86.3971 103.4945 0001790  89.4958 270.6443 14.34214945364625
0 IRIDIUM 114
1 41923U 17003G   24002.34168349  .00000583  00000-0  20108-3 0  9996
2 41923  86.3971 103.2614 0001794  89.9357 270.2044 14.34215733364706
0 IRIDIUM 114
1 41923U 17003G   24002.76029525  .00000498  00000-0  17079-3 0  9992
2 41923  86.3971 103.0865 0001791  90.4951 269.6450 14.34215870364767
0 IRIDIUM 108
1 41924U 17003H   24001.60252797  .00000353  00000-0  11916-3 0  9998
2 41924  86.3955  71.8954 0001935  89.4517 270.6901 14.34218036366455
0 IRIDIUM 108
1 41924U 17003H   24001.74206501  .00000333  00000-0  11195-3 0  9992
2 41924  86.3954  71.8370 0001922  88.1706 271.9710 14.34218071366471
0 IRIDIUM 108
1 41924U 17003H   24002.57928663  .00000350  00000-0  11800-3 0  9996
2 41924  86.3953  71.4868 0001923  89.1914 270.9502 14.34218750366596
0 IRIDIUM 108
1 41924U 17003H   24002.92812888  .00000330  00000-0  11088-3 0  9992
2 41924  86.3953  71.3409 0001923  89.1415 271.0001 14.34218900366641
0 IRIDIUM 112
1 41925U 17003J   24001.35224755  .00000366  00000-0  12367-3 0  9999
2 41925  86.3969 103.5584 0002087 101.6596 258.4834 14.34218128364589
0 IRIDIUM 112
1 41925U 17003J   24001.77085835  .00000360  00000-0  12137-3 0  9998
2 41925  86.3969 103.3835 0002112 102.3671 257.7761 14.34218434364645
0 IRIDIUM 112
1 41925U 17003J   24002.32900625  .00000341  00000-0  11452-3 0  9991
2 41925  86.3969 103.1503 0002174 103.6744 256.4694 14.34218725364721
0 IRIDIUM 112
1 41925U 17003J   24002.74761757 -.00000139  00000-0 -56534-4 0  9996
2 41925  86.3970 102.9753 0002064 105.2547 254.8877 14.34217214364787
0 IRIDIUM 111
1 41926U 17003K   24001.33956000  .00000396  00000-0  13423-3 0  9990
2 41926  86.3970 103.6146 0002346  92.2240 267.9224 14.34219833364566
0 IRIDIUM 111
1 41926U 17003K   24001.82793878  .00000375  00000-0  12685-3 0  9992
2 41926  86.3970 103.4105 0002340  91.8618 268.2845 14.34220128364637
0 IRIDIUM 111
1 41926U 17003K   24002.31631745  .00000376  00000-0  12726-3 0  9998
2 41926  86.3970 103.2065 0002358  92.9025 267.2440 14.34220520364707
0 IRIDIUM 111
1 41926U 17003K   24002.66515939  .00000357  00000-0  12052-3 0  9993
2 41926  86.3970 103.0607 0002359  92.8809 267.2657 14.34220648364753
0 IRIDIUM 113
1 42803U 17039A   24001.45906483  .00000395  00000-0  13415-3 0  9997
2 42803  86.3981 337.3120 0002467  90.8409 269.3069 14.34217502342511
0 IRIDIUM 113
1 42803U 17039A   24001.94744431  .00000403  00000-0  13696-3 0  9995
2 42803  86.3981 337.1079 0002463  90.5983 269.5495 14.34217940342580
0 IRIDIUM 113
1 42803U 17039A   24002.01721284  .00000393  00000-0  13324-3 0  9991
2 42803  86.3980 337.0788 0002467  90.6792 269.4686 14.34217945342595
0 IRIDIUM 113
1 42803U 17039A   24002.43582373  .00000430  00000-0  14631-3 0  9995
2 42803  86.3981 336.9039 0002469  90.5850 269.5629 14.34218477342655
0 IRIDIUM 113
1 42803U 17039A   24002.92420314  .00000390  00000-0  13215-3 0  9997
2 42803  86.3981 336.6997 0002473  90.3762 269.7717 14.34218637342726
0 IRIDIUM 123
1 42804U 17039B   24001.50054673  .00000346  00000-0  11662-3 0  9997
2 42804  86.3970   8.7859 0002387  93.0434 267.1035 14.34215014341280
0 IRIDIUM 123
1 42804U 17039B   24001.57031533  .00000336  00000-0  11283-3 0  9992
2 42804  86.3970   8.7566 0002383  92.8015 267.3454 14.34215025341293
0 IRIDIUM 123
1 42804U 17039B   24001.91915854  .00000333  00000-0  11184-3 0  9994
2 42804  86.3970   8.6107 0002391  92.7826 267.3643 14.34215248341344
0 IRIDIUM 123
1 42804U 17039B   24002.54707616  .00000340  00000-0  11431-3 0  9992
2 42804  86.3971   8.3482 0002390  92.6115 267.5354 14.34215699341438
0 IRIDIUM 120
1 42805U 17039C   24001.45271960  .00000242  00000-0  79371-4 0  9999
2 42805  86.3969 337.2137 0002270  88.0132 272.1323 14.34219218342500
0 IRIDIUM 120
1 42805U 17039C   24001.87133019  .00000238  00000-0  78092-4 0  9991
2 42805  86.3969 337.0386 0002272  88.0624 272.0832 14.34219397342560
0 IRIDIUM 120
1 42805U 17039C   24002.01086836  .00000233  00000-0  76091-4 0  9994
2 42805  86.3967 336.9802 0002371  88.9964 271.1504 14.34217178342588
0 IRIDIUM 120
1 42805U 17039C   24002.42947960 -.00000893  00000-0 -32611-3 0  9996
2 42805  86.3965 336.8057 0002228  83.9767 276.1683 14.34215217342646
0 IRIDIUM 120
1 42805U 17039C   24002.91785979 -.00000323  00000-0 -12229-3 0  9991
2 42805  86.3964 336.6015 0002181  85.3045 274.8400 14.34216013342715
0 IRIDIUM 115
1 42806U 17039D   24001.42302241  .00000523  00000-0  14935-3 0  9990
2 42806  86.4508 337.2261 0002449  89.0293 271.1189 14.43278457344776
0 IRIDIUM 115
1 42806U 17039D   24001.83900775  .00000507  00000-0  14486-3 0  9994
2 42806  86.4508 337.0523 0002453  88.9264 271.2218 14.43278826344837
0 IRIDIUM 115
1 42806U 17039D   24001.90833861  .00000514  00000-0  14667-3 0  9992
2 42806  86.4508 337.0233 0002453  88.9253 271.2229 14.43278946344849
0 IRIDIUM 115
1 42806U 17039D   24002.46298560  .00000532  00000-0  15215-3 0  9995
2 42806  86.4509 336.7914 0002440  88.2485 271.8995 14.43279616344928
0 IRIDIUM 115
1 42806U 17039D   24002.94830170  .00000479  00000-0  13633-3 0  9999
2 42806  86.4509 336.5886 0002442  88.1454 272.0027 14.43279779344997
0 IRIDIUM 118
1 42807U 17039E   24001.53226067  .00000330  00000-0  11065-3 0  9991
2 42807  86.3970   8.7746 0002197  90.8306 269.3142 14.34215187341284
0 IRIDIUM 118
1 42807U 17039E   24001.95087245  .00000327  00000-0  10974-3 0  9994
2 42807  86.3970   8.5995 0002203  90.8737 269.2711 14.34215457341342
0 IRIDIUM 118
1 42807U 17039E   24002.09040959  .00000339  00000-0  11385-3 0  9991
2 42807  86.3970   8.5412 0002201  90.9558 269.1890 14.34215631341370
0 IRIDIUM 118
1 42807U 17039E   24002.50902124  .00000356  00000-0  12003-3 0  9995
2 42807  86.3970   8.3661 0002200  91.0197 269.1251 14.34215998341427
0 IRIDIUM 118
1 42807U 17039E   24002.92763291  .00000326  00000-0  10930-3 0  9995
2 42807  86.3970   8.1911 0002204  91.0068 269.1380 14.34216086341482
0 IRIDIUM 117
1 42808U 17039F   24001.55127454  .00000339  00000-0  11401-3 0  9997
2 42808  86.3969   8.7323 0002323  88.0191 272.1271 14.34218743341316
0 IRIDIUM 117
1 42808U 17039F   24002.10942211  .00000344  00000-0  11567-3 0  9994
2 42808  86.3969   8.4990 0002321  87.7939 272.3522 14.34219167341409
0 IRIDIUM 117
1 42808U 17039F   24002.52803275  .00000353  00000-0  11887-3 0  9991
2 42808  86.3969   8.3239 0002318  87.8438 272.3023 14.34219490341455
0 IRIDIUM 117
1 42808U 17039F   24002.94664330  .00000335  00000-0  11241-3 0  9998
2 42808  86.3969   8.1489 0002320  87.7918 272.3543 14.34219674341513
0 IRIDIUM 126
1 42809U 17039G   24001.50688976  .00000349  00000-0  11770-3 0  9994
2 42809  86.3969   8.7876 0002542  91.7743 268.3744 14.34215205341285
0 IRIDIUM 126
1 42809U 17039G   24001.92550152  .00000333  00000-0  11197-3 0  9990
2 42809  86.3970   8.6126 0002553  91.8749 268.2739 14.34215427341349
0 IRIDIUM 126
1 42809U 17039G   24002.06503869  .00000342  00000-0  11493-3 0  9998
2 42809  86.3970   8.5542 0002549  91.6664 268.4824 14.34215584341373
0 IRIDIUM 126
1 42809U 17039G   24002.55341900  .00000349  00000-0  11738-3 0  9997
2 42809  86.3970   8.3500 0002548  91.4522 268.6966 14.34215934341430
0 IRIDIUM 124
1 42810U 17039H   24001.28729146  .00000434  00000-0  12312-3 0  9994
2 42810  86.4498 305.6343 0002093  78.5347 281.6089 14.43266782345603
0 IRIDIUM 124
1 42810U 17039H   24001.84194288  .00000633  00000-0  18213-3 0  9996
2 42810  86.4498 305.4025 0002076  78.3732 281.7702 14.43267619345686
0 IRIDIUM 124
1 42810U 17039H   24001.91127428  .00000619  00000-0  17809-3 0  9990
2 42810  86.4498 305.3736 0002073  78.4903 281.6530 14.43267710345693
0 IRIDIUM 124
1 42810U 17039H   24002.32726276  .00000510  00000-0  14572-3 0  9996
2 42810  86.4498 305.1996 0002052  79.3556 280.7876 14.43268024345759
0 IRIDIUM 124
1 42810U 17039H   24002.88191416  .00000398  00000-0  11233-3 0  9994
2 42810  86.4498 304.9678 0002048  79.7413 280.4018 14.43268070345839
0 IRIDIUM 128
1 42811U 17039J   24001.56739033  .00000339  00000-0  11404-3 0  9997
2 42811  86.3958  40.2793 0002276  92.0605 268.0851 14.34217975341327
0 IRIDIUM 128
1 42811U 17039J   24001.63715883  .00000335  00000-0  11272-3 0  9991
2 42811  86.3958  40.2501 0002276  92.0464 268.0992 14.34218010341335
0 IRIDIUM 128
1 42811U 17039J   24002.12553814  .00000345  00000-0  11605-3 0  9991
2 42811  86.3958  40.0458 0002276  91.9060 268.2396 14.34218436341404
0 IRIDIUM 128
1 42811U 17039J   24002.61391750  .00000342  00000-0  11519-3 0  9995
2 42811  86.3958  39.8415 0002273  91.7170 268.4286 14.34218744341479
0 IRIDIUM 121
1 42812U 17039K   24001.52591932  .00000326  00000-0  10931-3 0  9998
2 42812  86.3970   8.8016 0002255  92.4356 267.7098 14.34215614341163
0 IRIDIUM 121
1 42812U 17039K   24001.94453101  .00000319  00000-0  10698-3 0  9991
2 42812  86.3970   8.6265 0002264  92.4876 267.6579 14.34215853341229
0 IRIDIUM 121
1 42812U 17039K   24002.08406816  .00000323  00000-0  10817-3 0  9996
2 42812  86.3971   8.5681 0002264  92.5110 267.6345 14.34215975341364
0 IRIDIUM 121
1 42812U 17039K   24002.50267967  .00000347  00000-0  11680-3 0  9990
2 42812  86.3971   8.3931 0002265  92.4371 267.7084 14.34216378341302
0 IRIDIUM 121
1 42812U 17039K   24002.92129122  .00000318  00000-0  10662-3 0  9993
2 42812  86.3971   8.2181 0002269  92.3673 267.7783 14.34216470341361
0 IRIDIUM 133
1 42955U 17061A   24001.45956331  .00000304  00000-0  10149-3 0  9998
2 42955  86.3961  40.4201 0002361  95.3587 264.7878 14.34219982326107
0 IRIDIUM 133
1 42955U 17061A   24001.52933166  .00000296  00000-0  98781-4 0  9996
2 42955  86.3961  40.3909 0002361  95.3357 264.8108 14.34220008326115
0 IRIDIUM 133
1 42955U 17061A   24002.50609321  .00000145  00000-0  44602-4 0  9994
2 42955  86.3961  39.9824 0002319  95.0689 265.0771 14.34215772326259
0 IRIDIUM 133
1 42955U 17061A   24002.57586183  .00000147  00000-0  45261-4 0  9995
2 42955  86.3961  39.9532 0002319  95.0751 265.0710 14.34215770326267
0 IRIDIUM 133
1 42955U 17061A   24002.64563045  .00000124  00000-0  37191-4 0  9993
2 42955  86.3961  39.9241 0002321  95.0406 265.1055 14.34215747326272
0 IRIDIUM 100
1 42956U 17061B   24001.59276258  .00000309  00000-0  10339-3 0  9993
2 42956  86.3958  40.3039 0002226  91.5775 268.5676 14.34218341326127
0 IRIDIUM 100
1 42956U 17061B   24001.66253105  .00000307  00000-0  10250-3 0  9997
2 42956  86.3959  40.2748 0002231  91.8551 268.2900 14.34218375326130
0 IRIDIUM 100
1 42956U 17061B   24002.56952111  .00000309  00000-0  10318-3 0  9997
2 42956  86.3958  39.8954 0002226  91.4050 268.7400 14.34218968326268
0 IRIDIUM 100
1 42956U 17061B   24002.63928955  .00000308  00000-0  10276-3 0  9996
2 42956  86.3958  39.8662 0002227  91.4042 268.7409 14.34219008326272
0 IRIDIUM 122
1 42957U 17061C   24001.49128025  .00000295  00000-0  98334-4 0  9997
2 42957  86.3958  40.3445 0002322  90.3482 269.7980 14.34219189326119
0 IRIDIUM 122
1 42957U 17061C   24002.60757797  .00000289  00000-0  96091-4 0  9996
2 42957  86.3960  39.8774 0002303  89.0008 271.1451 14.34217069326270
0 IRIDIUM 129
1 42958U 17061D   24001.16780875  .00000292  00000-0  97375-4 0  9990
2 42958  86.3960  40.5374 0002357  91.5462 268.6004 14.34218097326083
0 IRIDIUM 129
1 42958U 17061D   24001.58641963  .00000300  00000-0  99926-4 0  9994
2 42958  86.3960  40.3623 0002358  91.5845 268.5621 14.34218414326148
0 IRIDIUM 129
1 42958U 17061D   24002.49340955  .00000328  00000-0  10995-3 0  9990
2 42958  86.3960  39.9830 0002354  91.0543 269.0922 14.34219143326272
0 IRIDIUM 129
1 42958U 17061D   24002.56317807  .00000310  00000-0  10372-3 0  9998
2 42958  86.3960  39.9538 0002352  91.0010 269.1455 14.34219081326288
0 IRIDIUM 129
1 42958U 17061D   24002.63294652  .00000306  00000-0  10236-3 0  9992
2 42958  86.3959  39.9246 0002349  90.8176 269.3289 14.34219107326295
0 IRIDIUM 119
1 42959U 17061E   24001.55470894  .00000135  00000-0  41218-4 0  9992
2 42959  86.3961  40.3667 0002415  93.2504 266.8968 14.34215588326158
0 IRIDIUM 119
1 42959U 17061E   24001.62447756  .00000015  00000-0 -17133-5 0  9999
2 42959  86.3961  40.3375 0002421  93.2915 266.8557 14.34215502326168
0 IRIDIUM 119
1 42959U 17061E   24002.60123792  .00000014  00000-0 -19689-5 0  9996
2 42959  86.3961  39.9291 0002433  92.9494 267.1980 14.34215817326309
0 IRIDIUM 107
1 42960U 17061F   24001.50396759  .00000612  00000-0  21153-3 0  9991
2 42960  86.3958  40.4039 0002127  83.8850 276.2588 14.34218311326160
0 IRIDIUM 107
1 42960U 17061F   24001.57373550  .00000456  00000-0  15588-3 0  9993
2 42960  86.3961  40.3747 0002215  86.0234 274.1215 14.34218543326169
0 IRIDIUM 107
1 42960U 17061F   24001.64350398  .00000446  00000-0  15223-3 0  9991
2 42960  86.3960  40.3454 0002210  85.6086 274.5362 14.34218585326172
0 IRIDIUM 107
1 42960U 17061F   24002.55049387  .00000347  00000-0  11683-3 0  9991
2 42960  86.3960  39.9660 0002189  85.3441 274.8004 14.34219170326304
0 IRIDIUM 107
1 42960U 17061F   24002.62026231  .00000336  00000-0  11305-3 0  9991
2 42960  86.3960  39.9368 0002187  85.3300 274.8145 14.34219188326317
0 IRIDIUM 132
1 42961U 17061G   24001.16146440  .00000305  00000-0  10171-3 0  9991
2 42961  86.3960  40.5325 0002306  85.8480 274.2979 14.34218201326107
0 IRIDIUM 132
1 42961U 17061G   24001.58007525  .00000312  00000-0  10449-3 0  9993
2 42961  86.3960  40.3575 0002300  85.8481 274.2978 14.34218525326161
0 IRIDIUM 132
1 42961U 17061G   24001.64984372  .00000310  00000-0  10377-3 0  9992
2 42961  86.3960  40.3283 0002298  85.7129 274.4329 14.34218563326176
0 IRIDIUM 132
1 42961U 17061G   24002.48706515  .00000325  00000-0  10905-3 0  9999
2 42961  86.3960  39.9782 0002293  85.6731 274.4727 14.34219186326294
0 IRIDIUM 136
1 42962U 17061H   24001.54201842  .00000306  00000-0  10223-3 0  9991
2 42962  86.3959  40.3758 0002406  94.4093 265.7378 14.34220158326170
0 IRIDIUM 136
1 42962U 17061H   24002.58854855  .00000301  00000-0  10038-3 0  9993
2 42962  86.3961  39.9388 0002369  93.9944 266.1523 14.34215959326320
0 IRIDIUM 139
1 42963U 17061J   24001.05998292  .00000183  00000-0  58158-4 0  9993
2 42963  86.3961  40.6253 0002199  88.2251 271.9196 14.34218428326111
0 IRIDIUM 139
1 42963U 17061J   24001.54836379  .00000052  00000-0  11588-4 0  9995
2 42963  86.3963  40.4208 0002226  88.3404 271.8047 14.34216528326183
0 IRIDIUM 139
1 42963U 17061J   24001.61813235  .00000051  00000-0  11191-4 0  9998
2 42963  86.3963  40.3916 0002226  88.4105 271.7346 14.34216532326194
0 IRIDIUM 139
1 42963U 17061J   24002.17628069  .00000048  00000-0  10180-4 0  9992
2 42963  86.3962  40.1581 0002217  89.2131 270.9319 14.34216712326277
0 IRIDIUM 139
1 42963U 17061J   24002.59489199  .00000050  00000-0  10739-4 0  9990
2 42963  86.3963  39.9833 0002224  88.8004 271.3447 14.34216843326335
0 IRIDIUM 125
1 42964U 17061K   24001.60544823  .00000299  00000-0  99587-4 0  9991
2 42964  86.3964  40.4416 0002503  88.2900 271.8583 14.34216731326208
0 IRIDIUM 125
1 42964U 17061K   24002.16359653  .00000324  00000-0  10846-3 0  9997
2 42964  86.3963  40.2083 0002502  88.1825 271.9657 14.34217175326283
0 IRIDIUM 125
1 42964U 17061K   24002.58220781  .00000301  00000-0  10026-3 0  9997
2 42964  86.3963  40.0333 0002493  87.8014 272.3467 14.34217353326343
0 IRIDIUM 125
1 42964U 17061K   24002.65197633  .00000300  00000-0  10008-3 0  9993
2 42964  86.3963  40.0041 0002494  87.8986 272.2496 14.34217393326354
0 IRIDIUM 135
1 43070U 17083A   24001.44003585 -.00000355  00000-0 -13401-3 0  9996
2 43070  86.3966 337.2158 0001866  84.7668 275.3741 14.34216490315476
0 IRIDIUM 135
1 43070U 17083A   24001.92841593 -.00000271  00000-0 -10397-3 0  9996
2 43070  86.3966 337.0117 0001847  86.3322 273.8085 14.34216499315544
0 IRIDIUM 135
1 43070U 17083A   24001.99818446 -.00000244  00000-0 -94120-4 0  9991
2 43070  86.3967 336.9825 0001838  85.6412 274.4994 14.34216569315556
0 IRIDIUM 135
1 43070U 17083A   24002.41679535 -.00000058  00000-0 -27662-4 0  9993
2 43070  86.3969 336.8076 0001874  89.3607 270.7803 14.34217168315613
0 IRIDIUM 135
1 43070U 17083A   24002.90517482  .00000012  00000-0 -26866-5 0  9994
2 43070  86.3966 336.6038 0001842  89.1146 271.0261 14.34217449315688
0 IRIDIUM 135
1 43070U 17083A   24002.97494330  .00000022  00000-0  77028-6 0  9994
2 43070  86.3967 336.5745 0001837  88.6791 271.4615 14.34217506315699
0 IRIDIUM 138
1 43071U 17083B   24001.46541020  .00000378  00000-0  12775-3 0  9996
2 43071  86.3964 336.9427 0002460  85.0701 275.0776 14.34216610315461
0 IRIDIUM 138
1 43071U 17083B   24001.95379002  .00000370  00000-0  12510-3 0  9998
2 43071  86.3965 336.7385 0002455  84.8768 275.2708 14.34216966315536
0 IRIDIUM 138
1 43071U 17083B   24002.02355859  .00000366  00000-0  12376-3 0  9996
2 43071  86.3964 336.7094 0002458  84.9904 275.1573 14.34216989315543
0 IRIDIUM 138
1 43071U 17083B   24002.44216978  .00000391  00000-0  13272-3 0  9994
2 43071  86.3965 336.5344 0002451  84.8390 275.3085 14.34217440315601
0 IRIDIUM 138
1 43071U 17083B   24002.93054954  .00000353  00000-0  11896-3 0  9990
2 43071  86.3965 336.3301 0002453  84.8100 275.3376 14.34217562315678
0 IRIDIUM 116
1 43072U 17083C   24001.43368480  .00000316  00000-0  10564-3 0  9997
2 43072  86.3974 337.2143 0002108  90.5678 269.5759 14.34217213315497
0 IRIDIUM 116
1 43072U 17083C   24001.92206449  .00000307  00000-0  10249-3 0  9997
2 43072  86.3974 337.0101 0002117  90.8945 269.2493 14.34217482315567
0 IRIDIUM 116
1 43072U 17083C   24002.41044556  .00000327  00000-0  10954-3 0  9996
2 43072  86.3972 336.8057 0002016  91.0797 269.0629 14.34216918315638
0 IRIDIUM 116
1 43072U 17083C   24002.89882622  .00000297  00000-0  98995-4 0  9990
2 43072  86.3973 336.6010 0002136  92.7761 267.3679 14.34215852315708
0 IRIDIUM 116
1 43072U 17083C   24002.96859497  .00000296  00000-0  98515-4 0  9999
2 43072  86.3972 336.5723 0002146  92.2333 267.9108 14.34215745315713
0 IRIDIUM 130
1 43073U 17083D   24001.47174878  .00000378  00000-0  12804-3 0  9995
2 43073  86.3980 337.3855 0002229  90.2342 269.9110 14.34218401315445
0 IRIDIUM 130
1 43073U 17083D   24001.96012922  .00000371  00000-0  12533-3 0  9992
2 43073  86.3980 337.1822 0002298  85.2582 274.8876 14.34217176315513
0 IRIDIUM 130
1 43073U 17083D   24002.44850931  .00000395  00000-0  13402-3 0  9998
2 43073  86.3980 336.9789 0002238  82.6973 277.4478 14.34217067315584
0 IRIDIUM 130
1 43073U 17083D   24002.93688938  .00000087  00000-0  24023-4 0  9998
2 43073  86.3982 336.7746 0002231  82.2614 277.8835 14.34216682315659
0 IRIDIUM 151
1 43074U 17083E   24001.44637910 -.00000208  00000-0 -81302-4 0  9998
2 43074  86.3970 337.2468 0002228  92.3619 267.7831 14.34217502315462
0 IRIDIUM 151
1 43074U 17083E   24002.00452501 -.00000195  00000-0 -76696-4 0  9997
2 43074  86.3968 337.0133 0002212  96.1072 264.0376 14.34219562315545
0 IRIDIUM 151
1 43074U 17083E   24002.42313553 -.00000206  00000-0 -80623-4 0  9994
2 43074  86.3970 336.8385 0002239  96.6175 263.5276 14.34219488315609
0 IRIDIUM 151
1 43074U 17083E   24002.91151446 -.00000187  00000-0 -73774-4 0  9996
2 43074  86.3969 336.6344 0002212  95.0763 265.0685 14.34219546315670
0 IRIDIUM 134
1 43075U 17083F   24001.48443424  .00000130  00000-0  39317-4 0  9999
2 43075  86.3977 337.2263 0002267  83.6751 276.4703 14.34216995315433
0 IRIDIUM 134
1 43075U 17083F   24001.90304537  .00000129  00000-0  39048-4 0  9996
2 43075  86.3976 337.0515 0002237  82.5654 277.5796 14.34217189315493
0 IRIDIUM 134
1 43075U 17083F   24002.46119327  .00000358  00000-0  12062-3 0  9999
2 43075  86.3978 336.8182 0002223  81.6364 278.5084 14.34218175315571
0 IRIDIUM 134
1 43075U 17083F   24002.94957273  .00000332  00000-0  11140-3 0  9990
2 43075  86.3978 336.6140 0002214  81.5868 278.5578 14.34218335315645
0 IRIDIUM 137
1 43076U 17083G   24001.56687592  .00000358  00000-0  12072-3 0  9995
2 43076  86.3979 337.2667 0001920  94.9818 265.1597 14.34222567315515
0 IRIDIUM 137
1 43076U 17083G   24001.63664420  .00000356  00000-0  12017-3 0  9995
2 43076  86.3979 337.2376 0001925  95.2963 264.8452 14.34222603315520
0 IRIDIUM 137
1 43076U 17083G   24002.47386783  .00000382  00000-0  12927-3 0  9990
2 43076  86.3982 336.8880 0001776  91.2577 268.8823 14.34216545315647
0 IRIDIUM 137
1 43076U 17083G   24002.89247977  .00000348  00000-0  11718-3 0  9996
2 43076  86.3984 336.7130 0001912  96.4348 263.7065 14.34215840315707
0 IRIDIUM 141
1 43077U 17083H   24001.14193359  .00000368  00000-0  12426-3 0  9997
2 43077  86.3974 337.3261 0002336  90.1746 269.9717 14.34218089315455
0 IRIDIUM 141
1 43077U 17083H   24001.56054449  .00000372  00000-0  12570-3 0  9994
2 43077  86.3974 337.1510 0002334  89.7506 270.3957 14.34218466315514
0 IRIDIUM 141
1 43077U 17083H   24001.90938682  .00000375  00000-0  12670-3 0  9996
2 43077  86.3975 337.0051 0002335  89.6890 270.4573 14.34218754315560
0 IRIDIUM 141
1 43077U 17083H   24002.46753449  .00000377  00000-0  12761-3 0  9997
2 43077  86.3975 336.7718 0002324  89.2219 270.9243 14.34219187315644
0 IRIDIUM 141
1 43077U 17083H   24002.53730300  .00000362  00000-0  12237-3 0  9998
2 43077  86.3975 336.7426 0002325  89.1681 270.9781 14.34219135315654
0 IRIDIUM 153
1 43078U 17083J   24001.37318813  .00000438  00000-0  14921-3 0  9997
2 43078  86.3974 305.6816 0002570  86.9929 273.1561 14.34216577316596
0 IRIDIUM 153
1 43078U 17083J   24001.79179930  .00000499  00000-0  17117-3 0  9995
2 43078  86.3974 305.5066 0002565  87.6133 272.5356 14.34217081316654
0 IRIDIUM 153
1 43078U 17083J   24001.93133629  .00000447  00000-0  15240-3 0  9994
2 43078  86.3974 305.4483 0002564  88.4736 271.6753 14.34217196316673
0 IRIDIUM 153
1 43078U 17083J   24002.34994742  .00000419  00000-0  14249-3 0  9998
2 43078  86.3975 305.2734 0002560  88.3522 271.7967 14.34217615316730
0 IRIDIUM 153
1 43078U 17083J   24002.83832721  .00000314  00000-0  10491-3 0  9999
2 43078  86.3975 305.0692 0002568  88.0178 272.1312 14.34217641316809
0 IRIDIUM 153
1 43078U 17083J   24002.90809575  .00000270  00000-0  89209-4 0  9993
2 43078  86.3975 305.0402 0002570  88.2938 271.8552 14.34217520316816
0 IRIDIUM 131
1 43079U 17083K   24001.47808729  .00000384  00000-0  12996-3 0  9999
2 43079  86.3980 337.3113 0002244  88.4831 271.6622 14.34219998315436
0 IRIDIUM 131
1 43079U 17083K   24001.89669759  .00000378  00000-0  12783-3 0  9990
2 43079  86.3981 337.1363 0002243  88.4258 271.7195 14.34220310315496
0 IRIDIUM 131
1 43079U 17083K   24002.45484788  .00000391  00000-0  13249-3 0  9993
2 43079  86.3985 336.9040 0002692  77.3379 282.8118 14.34212543315574
0 IRIDIUM 131
1 43079U 17083K   24002.94322565  .00000355  00000-0  11962-3 0  9991
2 43079  86.3984 336.6996 0002152  90.5162 269.6281 14.34214898315645
0 IRIDIUM 144
1 43249U 18030A   24001.37952673  .00000386  00000-0  13065-3 0  9998
2 43249  86.3972 305.6308 0002132  82.4565 277.6873 14.34218425301459
0 IRIDIUM 144
1 43249U 18030A   24001.93767435  .00000376  00000-0  12718-3 0  9993
2 43249  86.3972 305.3975 0002122  82.4249 277.7187 14.34218842301535
0 IRIDIUM 144
1 43249U 18030A   24002.35628501  .00000396  00000-0  13419-3 0  9991
2 43249  86.3973 305.2226 0002111  82.2926 277.8509 14.34219276301599
0 IRIDIUM 144
1 43249U 18030A   24002.84466412  .00000371  00000-0  12547-3 0  9990
2 43249  86.3973 305.0184 0002111  82.5439 277.5996 14.34219492301689
0 IRIDIUM 144
1 43249U 18030A   24002.91443257  .00000350  00000-0  11808-3 0  9996
2 43249  86.3973 304.9893 0002110  82.6332 277.5103 14.34219424301670
0 IRIDIUM 149
1 43250U 18030B   24001.38587351  .00000036  00000-0  58040-5 0  9994
2 43250  86.3972 305.6049 0001981  78.6839 281.4579 14.34217152301479
0 IRIDIUM 149
1 43250U 18030B   24002.36263143  .00000031  00000-0  40502-5 0  9992
2 43250  86.3971 305.1966 0001984  82.0950 278.0471 14.34218637301615
0 IRIDIUM 149
1 43250U 18030B   24002.78124224  .00000031  00000-0  40364-5 0  9990
2 43250  86.3971 305.0217 0001972  81.1836 278.9583 14.34218682301672
0 IRIDIUM 149
1 43250U 18030B   24002.92077918  .00000029  00000-0  33885-5 0  9990
2 43250  86.3972 304.9635 0001969  80.3943 279.7475 14.34218696301697
0 IRIDIUM 157
1 43251U 18030C   24001.33513054  .00000373  00000-0  12619-3 0  9993
2 43251  86.3975 305.6594 0002340  90.4386 269.7078 14.34215225301446
0 IRIDIUM 157
1 43251U 18030C   24001.89327895  .00000628  00000-0  21735-3 0  9992
2 43251  86.3973 305.4261 0002282  89.4183 270.7274 14.34216633301524
0 IRIDIUM 157
1 43251U 18030C   24002.38165889  .00000386  00000-0  13070-3 0  9994
2 43251  86.3974 305.2219 0002266  89.5038 270.6417 14.34216832301594
0 IRIDIUM 157
1 43251U 18030C   24002.87003890  .00000286  00000-0  95114-4 0  9990
2 43251  86.3974 305.0178 0002272  89.7539 270.3917 14.34216808301664
0 IRIDIUM 140
1 43252U 18030D   24001.35415608  .00000377  00000-0  12758-3 0  9990
2 43252  86.3974 305.6664 0002206  75.2912 284.8528 14.34220019301503
0 IRIDIUM 140
1 43252U 18030D   24002.33091737  .00000494  00000-0  16946-3 0  9995
2 43252  86.3973 305.2582 0002187  74.4136 285.7301 14.34216104301648
0 IRIDIUM 140
1 43252U 18030D   24002.88906634  .00000122  00000-0  36341-4 0  9996
2 43252  86.3973 305.0248 0002180  74.1643 285.9793 14.34215757301727
0 IRIDIUM 145
1 43253U 18030E   24001.34147318  .00000388  00000-0  13144-3 0  9992
2 43253  86.3973 305.6457 0001972  79.8570 280.2848 14.34219017301435
0 IRIDIUM 145
1 43253U 18030E   24001.82985218  .00000374  00000-0  12637-3 0  9995
2 43253  86.3973 305.4416 0001964  79.9477 280.1941 14.34219349301505
0 IRIDIUM 145
1 43253U 18030E   24001.89962059  .00000377  00000-0  12755-3 0  9994
2 43253  86.3973 305.4124 0001962  79.9503 280.1914 14.34219426301516
0 IRIDIUM 145
1 43253U 18030E   24002.31823107  .00000397  00000-0  13472-3 0  9991
2 43253  86.3973 305.2374 0001951  80.0604 280.0812 14.34219857301574
0 IRIDIUM 145
1 43253U 18030E   24002.87637845  .00000347  00000-0  11676-3 0  9993
2 43253  86.3973 305.0041 0001948  80.7295 279.4121 14.34219963301654
0 IRIDIUM 146
1 43254U 18030F   24001.32243967  .00000082  00000-0  22251-4 0  9999
2 43254  86.3972 305.6693 0001979  80.3308 279.8111 14.34215059301440
0 IRIDIUM 146
1 43254U 18030F   24001.88058863  .00000080  00000-0  21484-4 0  9994
2 43254  86.3972 305.4359 0001949  80.4592 279.6824 14.34215236301525
0 IRIDIUM 146
1 43254U 18030F   24002.36896887  .00000083  00000-0  22658-4 0  9991
2 43254  86.3973 305.2319 0001955  80.6417 279.4999 14.34215522301591
0 IRIDIUM 146
1 43254U 18030F   24002.85734913  .00000076  00000-0  20135-4 0  9996
2 43254  86.3973 305.0276 0001928  78.1882 281.9530 14.34215643301660
0 IRIDIUM 148
1 43255U 18030G   24001.56980831  .00000398  00000-0  13503-3 0  9993
2 43255  86.3974 305.5954 0001800  87.0199 273.1203 14.34217420301518
0 IRIDIUM 148
1 43255U 18030G   24001.84888236  .00000392  00000-0  13288-3 0  9994
2 43255  86.3974 305.4788 0001798  87.3233 272.8168 14.34217641301566
0 IRIDIUM 148
1 43255U 18030G   24001.91865087  .00000386  00000-0  13061-3 0  9993
2 43255  86.3974 305.4496 0001797  87.5065 272.6337 14.34217687301562
0 IRIDIUM 148
1 43255U 18030G   24002.33726189  .00000393  00000-0  13316-3 0  9990
2 43255  86.3974 305.2746 0001794  87.7576 272.3825 14.34218083301621
0 IRIDIUM 148
1 43255U 18030G   24002.89540991  .00000346  00000-0  11640-3 0  9992
2 43255  86.3974 305.0414 0001794  88.1433 271.9968 14.34218236301700
0 IRIDIUM 148
1 43255U 18030G   24002.96517836  .00000356  00000-0  12003-3 0  9997
2 43255  86.3974 305.0122 0001795  88.2243 271.9158 14.34218327301721
0 IRIDIUM 142
1 43256U 18030H   24001.39855696  .00000419  00000-0  14248-3 0  9996
2 43256  86.3970 305.5883 0001925  84.1348 276.0067 14.34219090301456
0 IRIDIUM 142
1 43256U 18030H   24001.88693595  .00000396  00000-0  13441-3 0  9996
2 43256  86.3970 305.3842 0001924  84.6154 275.5261 14.34219423301526
0 IRIDIUM 142
1 43256U 18030H   24002.37531536  .00000305  00000-0  10177-3 0  9990
2 43256  86.3969 305.1801 0001871  81.6998 278.4410 14.34219315301596
0 IRIDIUM 142
1 43256U 18030H   24002.79392600  .00000289  00000-0  96019-4 0  9994
2 43256  86.3969 305.0051 0001865  82.0987 278.0421 14.34219458301651
0 IRIDIUM 150
1 43257U 18030J   24001.36684680  .00000449  00000-0  15345-3 0  9999
2 43257  86.3974 305.6891 0002196  74.0095 286.1342 14.34213990301472
0 IRIDIUM 150
1 43257U 18030J   24001.85522746  .00000442  00000-0  15065-3 0  9999
2 43257  86.3974 305.4850 0002182  73.7107 286.4329 14.34214409301564
0 IRIDIUM 150
1 43257U 18030J   24001.92499612  .00000437  00000-0  14911-3 0  9995
2 43257  86.3974 305.4558 0002179  73.9030 286.2405 14.34214465301556
0 IRIDIUM 150
1 43257U 18030J   24002.34360813  .00000410  00000-0  13940-3 0  9994
2 43257  86.3974 305.2808 0002156  73.6502 286.4931 14.34214762301611
0 IRIDIUM 150
1 43257U 18030J   24002.90175748  .00000346  00000-0  11664-3 0  9996
2 43257  86.3974 305.0475 0002145  73.9004 286.2427 14.34214841301691
0 IRIDIUM 143
1 43258U 18030K   24001.34782045  .00000276  00000-0  91375-4 0  9998
2 43258  86.3976 305.7536 0001947  76.2363 283.9050 14.34220291301403
0 IRIDIUM 143
1 43258U 18030K   24001.83619930  .00000219  00000-0  71303-4 0  9990
2 43258  86.3977 305.5494 0001957  77.4097 282.7317 14.34220263301506
0 IRIDIUM 143
1 43258U 18030K   24001.90596782  .00000213  00000-0  68999-4 0  9998
2 43258  86.3978 305.5203 0001989  79.3700 280.7720 14.34220217301484
0 IRIDIUM 143
1 43258U 18030K   24002.32457944 -.00000345  00000-0 -13010-3 0  9992
2 43258  86.3978 305.3455 0001948  77.9857 282.1557 14.34217855301548
0 IRIDIUM 143
1 43258U 18030K   24002.88272669 -.00000100  00000-0 -42655-4 0  9999
2 43258  86.3975 305.1124 0001821  77.6154 282.5246 14.34218348301629
0 IRIDIUM 161
1 43478U 18047C   24001.33479882  .00000534  00000-0  15280-3 0  9998
2 43478  86.4494 103.7436 0002160  95.3677 264.7770 14.43286343295639
0 IRIDIUM 161
1 43478U 18047C   24001.82011232  .00000512  00000-0  14623-3 0  9999
2 43478  86.4493 103.5407 0002165  95.8764 264.2683 14.43286804295709
0 IRIDIUM 161
1 43478U 18047C   24002.30542562  .00000550  00000-0  15757-3 0  9999
2 43478  86.4493 103.3378 0002158  95.2964 264.8483 14.43287585295770
0 IRIDIUM 161
1 43478U 18047C   24002.79073895  .00000517  00000-0  14772-3 0  9999
2 43478  86.4493 103.1350 0002162  95.4048 264.7399 14.43287912295845
0 IRIDIUM 152
1 43479U 18047D   24001.32053387  .00000373  00000-0  12622-3 0  9994
2 43479  86.3967 103.6087 0001858 100.0961 260.0444 14.34219504293795
0 IRIDIUM 152
1 43479U 18047D   24001.66937592  .00000361  00000-0  12196-3 0  9993
2 43479  86.3967 103.4629 0001865 100.3691 259.7715 14.34219717293844
0 IRIDIUM 152
1 43479U 18047D   24002.36706265  .00000280  00000-0  93008-4 0  9994
2 43479  86.3964 103.1706 0001793  98.4770 261.6629 14.34216941293942
0 IRIDIUM 152
1 43479U 18047D   24002.78567368  .00000085  00000-0  23180-4 0  9996
2 43479  86.3966 102.9960 0001877 104.7814 255.3590 14.34217025294005
0 IRIDIUM 147
1 43480U 18047E   24001.32687790  .00000505  00000-0  17342-3 0  9998
2 43480  86.3967 103.5952 0002286  97.6541 262.4914 14.34217272293796
0 IRIDIUM 147
1 43480U 18047E   24001.81525745  .00000438  00000-0  14946-3 0  9995
2 43480  86.3968 103.3911 0002307  98.7853 261.3604 14.34217576293861
0 IRIDIUM 147
1 43480U 18047E   24002.30363683  .00000520  00000-0  17843-3 0  9992
2 43480  86.3968 103.1869 0002306  98.2740 261.8717 14.34218391293934
0 IRIDIUM 147
1 43480U 18047E   24002.79201634  .00000435  00000-0  14843-3 0  9994
2 43480  86.3968 102.9827 0002309  98.2318 261.9140 14.34218497294006
0 IRIDIUM 110
1 43481U 18047F   24001.33322107  .00000409  00000-0  13906-3 0  9993
2 43481  86.3970 103.6611 0002477  94.2862 265.8617 14.34217451293780
0 IRIDIUM 110
1 43481U 18047F   24001.82160072  .00000343  00000-0  11539-3 0  9995
2 43481  86.3970 103.4570 0002471  94.1315 266.0163 14.34217598293857
0 IRIDIUM 110
1 43481U 18047F   24002.58905402  .00000407  00000-0  13813-3 0  9991
2 43481  86.3970 103.1362 0002470  93.2965 266.8513 14.34218479293961
0 IRIDIUM 110
1 43481U 18047F   24002.79835944  .00000395  00000-0  13402-3 0  9997
2 43481  86.3970 103.0487 0002468  93.1563 266.9915 14.34218611293996
0 IRIDIUM 162
1 43482U 18047G   24001.32853880  .00000535  00000-0  15296-3 0  9994
2 43482  86.4493 103.6485 0002160  94.1547 265.9901 14.43284697295627
0 IRIDIUM 162
1 43482U 18047G   24001.81385285  .00000511  00000-0  14579-3 0  9994
2 43482  86.4492 103.4456 0002167  94.7835 265.3613 14.43285148295698
0 IRIDIUM 162
1 43482U 18047G   24002.36849720  .00000550  00000-0  15741-3 0  9999
2 43482  86.4492 103.2137 0002162  94.4313 265.7135 14.43286027295774
0 IRIDIUM 162
1 43482U 18047G   24002.78448057  .00000514  00000-0  14690-3 0  9995
2 43482  86.4492 103.0398 0002165  94.4832 265.6616 14.43286260295839
0 IRIDIUM 160
1 43569U 18061A   24001.55813039  .00000280  00000-0  92794-4 0  9999
2 43569  86.3958  71.9202 0002134 108.4596 251.6832 14.34217256284716
0 IRIDIUM 160
1 43569U 18061A   24001.69766745  .00000274  00000-0  90816-4 0  9991
2 43569  86.3957  71.8618 0002138 108.4213 251.7215 14.34217330284736
0 IRIDIUM 160
1 43569U 18061A   24002.18604691  .00000356  00000-0  12001-3 0  9997
2 43569  86.3957  71.6575 0002153 108.2304 251.9127 14.34217926284805
0 IRIDIUM 160
1 43569U 18061A   24002.60465800  .00000333  00000-0  11182-3 0  9995
2 43569  86.3957  71.4825 0002170 108.2913 251.8519 14.34218121284864
0 IRIDIUM 160
1 43569U 18061A   24002.74419500  .00000322  00000-0  10800-3 0  9990
2 43569  86.3956  71.4241 0002174 108.2486 251.8947 14.34218173284888
0 IRIDIUM 166
1 43570U 18061B   24001.58350140  .00000527  00000-0  18098-3 0  9991
2 43570  86.3955  71.8720 0002115  84.7165 275.4272 14.34216535284740
0 IRIDIUM 166
1 43570U 18061B   24001.72303855  .00000526  00000-0  18063-3 0  9999
2 43570  86.3954  71.8138 0002109  82.9155 277.2280 14.34216727284768
0 IRIDIUM 166
1 43570U 18061B   24002.56026117  .00000325  00000-0  10885-3 0  9996
2 43570  86.3954  71.4637 0002098  82.4722 277.6712 14.34217121284886
0 IRIDIUM 166
1 43570U 18061B   24002.69979810  .00000358  00000-0  12085-3 0  9997
2 43570  86.3955  71.4054 0002103  84.7128 275.4307 14.34217303284903
0 IRIDIUM 158
1 43571U 18061C   24001.13317712  .00000298  00000-0  99435-4 0  9991
2 43571  86.3956  72.0695 0001808  91.6515 268.4888 14.34218062284652
0 IRIDIUM 158
1 43571U 18061C   24001.55178797  .00000311  00000-0  10409-3 0  9994
2 43571  86.3957  71.8945 0001807  91.8990 268.2413 14.34218411284702
0 IRIDIUM 158
1 43571U 18061C   24001.69132484  .00000319  00000-0  10677-3 0  9997
2 43571  86.3956  71.8361 0001811  92.1937 267.9466 14.34218559284722
0 IRIDIUM 158
1 43571U 18061C   24002.17970398  .00000323  00000-0  10837-3 0  9998
2 43571  86.3956  71.6319 0001809  92.1502 267.9901 14.34218943284808
0 IRIDIUM 158
1 43571U 18061C   24002.59831471  .00000321  00000-0  10763-3 0  9998
2 43571  86.3956  71.4569 0001809  92.4254 267.7149 14.34219191284853
0 IRIDIUM 158
1 43571U 18061C   24002.73785158  .00000316  00000-0  10588-3 0  9993
2 43571  86.3956  71.3986 0001810  92.5685 267.5718 14.34219264284879
0 IRIDIUM 165
1 43572U 18061D   24001.22831300  .00000321  00000-0  10761-3 0  9997
2 43572  86.3956  72.0590 0001843  93.4695 266.6711 14.34215764284689
0 IRIDIUM 165
1 43572U 18061D   24001.57715601  .00000311  00000-0  10408-3 0  9997
2 43572  86.3957  71.9131 0001820  94.0520 266.0884 14.34215690284737
0 IRIDIUM 165
1 43572U 18061D   24001.71669323  .00000550  00000-0  18943-3 0  9999
2 43572  86.3957  71.8549 0001809  91.9831 268.1572 14.34216119284753
0 IRIDIUM 165
1 43572U 18061D   24002.27484183  .00000419  00000-0  14253-3 0  9994
2 43572  86.3957  71.6215 0001822  92.1743 267.9661 14.34216596284835
0 IRIDIUM 165
1 43572U 18061D   24002.55391630  .00000324  00000-0  10880-3 0  9996
2 43572  86.3958  71.5049 0001809  90.9627 269.1776 14.34216494284874
0 IRIDIUM 165
1 43572U 18061D   24002.69345338  .00000338  00000-0  11359-3 0  9992
2 43572  86.3958  71.4465 0001811  91.3886 268.7517 14.34216632284894
0 IRIDIUM 155
1 43573U 18061E   24001.60886776  .00000318  00000-0  10661-3 0  9992
2 43573  86.3954  71.8134 0002351  91.7394 268.4072 14.34220139284706
0 IRIDIUM 155
1 43573U 18061E   24002.58562962  .00000378  00000-0  12780-3 0  9998
2 43573  86.3952  71.4049 0002332  89.1014 271.0449 14.34215974284848
0 IRIDIUM 155
1 43573U 18061E   24002.72516673  .00000576  00000-0  19858-3 0  9995
2 43573  86.3953  71.3466 0002323  88.9444 271.2018 14.34216324284861
0 IRIDIUM 154
1 43574U 18061F   24001.58983928  .00000314  00000-0  10502-3 0  9997
2 43574  86.3958  71.9107 0002200 106.2310 253.9128 14.34215510284758
0 IRIDIUM 154
1 43574U 18061F   24001.72937654  .00000219  00000-0  71292-4 0  9996
2 43574  86.3957  71.8523 0002196 105.4459 254.6980 14.34215519284772
0 IRIDIUM 154
1 43574U 18061F   24002.56659974  .00000402  00000-0  13634-3 0  9994
2 43574  86.3958  71.5025 0002177 102.9072 257.2367 14.34216430284893
0 IRIDIUM 154
1 43574U 18061F   24002.70613693  .00000341  00000-0  11471-3 0  9997
2 43574  86.3958  71.4441 0002182 103.2226 256.9213 14.34216373284910
0 IRIDIUM 163
1 43575U 18061G   24001.29174141  .00000387  00000-0  13095-3 0  9995
2 43575  86.3956  71.9788 0002161  97.2466 262.8976 14.34217091284687
0 IRIDIUM 163
1 43575U 18061G   24001.57081551  .00000376  00000-0  12718-3 0  9997
2 43575  86.3956  71.8621 0002163  97.3013 262.8428 14.34217264284722
0 IRIDIUM 163
1 43575U 18061G   24001.71035260  .00000275  00000-0  91250-4 0  9996
2 43575  86.3956  71.8037 0002157  96.9702 263.1739 14.34217216284744
0 IRIDIUM 163
1 43575U 18061G   24002.61734324  .00000336  00000-0  11282-3 0  9997
2 43575  86.3955  71.4245 0002164  96.9225 263.2217 14.34217972284873
0 IRIDIUM 163
1 43575U 18061G   24002.68711173  .00000334  00000-0  11225-3 0  9996
2 43575  86.3955  71.3954 0002165  96.9303 263.2139 14.34218018284883
0 IRIDIUM 156
1 43576U 18061H   24001.61521076  .00000332  00000-0  11140-3 0  9994
2 43576  86.3955  71.8498 0001980  89.4063 270.7360 14.34217808284724
0 IRIDIUM 156
1 43576U 18061H   24001.68497929  .00000322  00000-0  10805-3 0  9996
2 43576  86.3955  71.8206 0001976  89.3147 270.8275 14.34217812284730
0 IRIDIUM 156
1 43576U 18061H   24002.59196964  .00000319  00000-0  10676-3 0  9994
2 43576  86.3955  71.4413 0001971  89.4224 270.7197 14.34218413284862
0 IRIDIUM 156
1 43576U 18061H   24002.73150660  .00000313  00000-0  10464-3 0  9992
2 43576  86.3954  71.3830 0001969  89.4310 270.7111 14.34218478284885
0 IRIDIUM 164
1 43577U 18061J   24001.17757425  .00000335  00000-0  11266-3 0  9997
2 43577  86.3957  72.0591 0001860  93.8336 266.3072 14.34218303284703
0 IRIDIUM 164
1 43577U 18061J   24001.59618505  .00000335  00000-0  11272-3 0  9995
2 43577  86.3957  71.8841 0001870  94.9749 265.1661 14.34218626284764
0 IRIDIUM 164
1 43577U 18061J   24001.87525885  .00000332  00000-0  11163-3 0  9990
2 43577  86.3956  71.7674 0001870  94.9733 265.1676 14.34218824284800
0 IRIDIUM 164
1 43577U 18061J   24002.22410108  .00000346  00000-0  11655-3 0  9992
2 43577  86.3956  71.6216 0001874  95.1484 264.9926 14.34219164284859
0 IRIDIUM 164
1 43577U 18061J   24002.57294335  .00000325  00000-0  10897-3 0  9996
2 43577  86.3956  71.4757 0001879  95.6500 264.4910 14.34219258284904
0 IRIDIUM 164
1 43577U 18061J   24002.92178551  .00000304  00000-0  10137-3 0  9990
2 43577  86.3955  71.3298 0001885  95.8028 264.3383 14.34219380284950
0 IRIDIUM 159
1 43578U 18061K   24001.28539235  .00000306  00000-0  10223-3 0  9997
2 43578  86.3955  71.9698 0002212 100.7859 259.3586 14.34216996284683
0 IRIDIUM 159
1 43578U 18061K   24001.56446655  .00000294  00000-0  97771-4 0  9991
2 43578  86.3956  71.8532 0002201 100.0135 260.1310 14.34217108284724
0 IRIDIUM 159
1 43578U 18061K   24001.63423508  .00000292  00000-0  97119-4 0  9995
2 43578  86.3955  71.8240 0002201  99.9930 260.1514 14.34217152284734
0 IRIDIUM 159
1 43578U 18061K   24002.61099717  .00000032  00000-0  42171-5 0  9996
2 43578  86.3954  71.4150 0002159  97.4938 262.6503 14.34214907284877
0 IRIDIUM 159
1 43578U 18061K   24002.68076577  .00000030  00000-0  38227-5 0  9997
2 43578  86.3955  71.3859 0002171  98.0974 262.0468 14.34214950284887
0 IRIDIUM 180
1 43922U 19002A   24001.07558399  .00000284  00000-0  94309-4 0  9998
2 43922  86.3968   8.9308 0002118  95.9474 264.1963 14.34215747260300
0 IRIDIUM 180
1 43922U 19002A   24001.56396418  .00000298  00000-0  99345-4 0  9994
2 43922  86.3969   8.7267 0002120  95.8021 264.3416 14.34216115260331
0 IRIDIUM 180
1 43922U 19002A   24002.47095558  .00000337  00000-0  11314-3 0  9999
2 43922  86.3969   8.3475 0002123  95.4927 264.6511 14.34216890260500
0 IRIDIUM 180
1 43922U 19002A   24002.54072423  .00000322  00000-0  10797-3 0  9991
2 43922  86.3970   8.3185 0002108  94.5061 265.6375 14.34216841260473
0 IRIDIUM 176
1 43923U 19002B   24001.50947776  .00001175  00000-0  18252-3 0  9990
2 43923  86.6099   8.7802 0002482  90.8527 269.2974 14.72225395267175
0 IRIDIUM 176
1 43923U 19002B   24002.05322885  .00001166  00000-0  18106-3 0  9997
2 43923  86.6099   8.5529 0002485  90.8968 269.2534 14.72226763267252
0 IRIDIUM 176
1 43923U 19002B   24002.52901107  .00001179  00000-0  18318-3 0  9998
2 43923  86.6099   8.3539 0002485  90.7182 269.4319 14.72227929267324
0 IRIDIUM 176
1 43923U 19002B   24002.93682402  .00001120  00000-0  17374-3 0  9994
2 43923  86.6099   8.1834 0002489  90.7281 269.4221 14.72228574267389
0 IRIDIUM 168
1 43924U 19002C   24001.48786177  .00000331  00000-0  11126-3 0  9990
2 43924  86.3971   8.8108 0002169  93.6885 266.4559 14.34214847260306
0 IRIDIUM 168
1 43924U 19002C   24001.55763040  .00000318  00000-0  10657-3 0  9995
2 43924  86.3971   8.7816 0002166  93.4550 266.6894 14.34214836260318
0 IRIDIUM 168
1 43924U 19002C   24002.53439130  .00000334  00000-0  11211-3 0  9999
2 43924  86.3972   8.3732 0002171  93.5073 266.6371 14.34215554260452
0 IRIDIUM 168
1 43924U 19002C   24002.95300295  .00000323  00000-0  10827-3 0  9994
2 43924  86.3972   8.1982 0002172  93.3789 266.7655 14.34215774260517
0 IRIDIUM 173
1 43925U 19002D   24001.54494520  .00000336  00000-0  11290-3 0  9993
2 43925  86.3968   8.7124 0002273  91.1840 268.9617 14.34215013260296
0 IRIDIUM 173
1 43925U 19002D   24001.96355697  .00000347  00000-0  11695-3 0  9991
2 43925  86.3968   8.5374 0002271  90.9267 269.2189 14.34215365260354
0 IRIDIUM 173
1 43925U 19002D   24002.52170601  .00000343  00000-0  11526-3 0  9993
2 43925  86.3968   8.3040 0002277  91.1922 268.9535 14.34215702260434
0 IRIDIUM 173
1 43925U 19002D   24002.94031763  .00000332  00000-0  11149-3 0  9993
2 43925  86.3968   8.1289 0002278  90.9782 269.1675 14.34215927260492
0 IRIDIUM 169
1 43926U 19002E   24001.56549065  .00000356  00000-0  10983-3 0  9991
2 43926  86.4215  40.3108 0004845  75.9602 284.2134 14.38615041261172
0 IRIDIUM 169
1 43926U 19002E   24001.63504608  .00000354  00000-0  10920-3 0  9992
2 43926  86.4215  40.2817 0004844  75.8298 284.3439 14.38615089261189
0 IRIDIUM 169
1 43926U 19002E   24002.12193394  .00000359  00000-0  11088-3 0  9994
2 43926  86.4215  40.0780 0004826  74.8943 285.2789 14.38615518261255
0 IRIDIUM 169
1 43926U 19002E   24002.60882184  .00000360  00000-0  11127-3 0  9995
2 43926  86.4215  39.8744 0004803  73.8441 286.3286 14.38615859261328
0 IRIDIUM 172
1 43927U 19002F   24001.46883521  .00000346  00000-0  11638-3 0  9996
2 43927  86.3968   8.7497 0002093  91.2630 268.8806 14.34214695260293
0 IRIDIUM 172
1 43927U 19002F   24001.53860382  .00000334  00000-0  11225-3 0  9993
2 43927  86.3968   8.7205 0002093  91.2534 268.8901 14.34214702260300
0 IRIDIUM 172
1 43927U 19002F   24001.95721568  .00000345  00000-0  11625-3 0  9997
2 43927  86.3968   8.5453 0002088  90.8677 269.2758 14.34215059260367
0 IRIDIUM 172
1 43927U 19002F   24002.51536482  .00000346  00000-0  11659-3 0  9997
2 43927  86.3969   8.3119 0002092  91.2617 268.8818 14.34215421260443
0 IRIDIUM 172
1 43927U 19002F   24002.93397658  .00000327  00000-0  10961-3 0  9997
2 43927  86.3969   8.1368 0002100  91.4868 268.6568 14.34215585260505
0 IRIDIUM 175
1 43928U 19002G   24001.43552395  .00001279  00000-0  19905-3 0  9997
2 43928  86.1513 351.4431 0002467  86.9154 273.2345 14.72226509267150
0 IRIDIUM 175
1 43928U 19002G   24001.91130429  .00001242  00000-0  19310-3 0  9990
2 43928  86.1513 351.2172 0002470  87.1477 273.0022 14.72227656267227
0 IRIDIUM 175
1 43928U 19002G   24001.97927282  .00001254  00000-0  19499-3 0  9998
2 43928  86.1514 351.1849 0002467  87.2987 272.8512 14.72227905267230
0 IRIDIUM 175
1 43928U 19002G   24002.45505267  .00001345  00000-0  20946-3 0  9997
2 43928  86.1514 350.9591 0002465  87.1110 273.0388 14.72229684267304
0 IRIDIUM 175
1 43928U 19002G   24002.93083260  .00001229  00000-0  19100-3 0  9995
2 43928  86.1514 350.7333 0002464  87.1364 273.0135 14.72230207267376
0 IRIDIUM 175
1 43928U 19002G   24002.99880113  .00001222  00000-0  18990-3 0  9992
2 43928  86.1514 350.7010 0002465  87.1729 272.9769 14.72230336267389
0 IRIDIUM 171
1 43929U 19002H   24001.10096323  .00000319  00000-0  10686-3 0  9997
2 43929  86.3978   9.1101 0002095  90.8720 269.2715 14.34215425260230
0 IRIDIUM 171
1 43929U 19002H   24001.51957493  .00000331  00000-0  11122-3 0  9996
2 43929  86.3978   8.9351 0002094  90.8428 269.3008 14.34215774260297
0 IRIDIUM 171
1 43929U 19002H   24001.93818657  .00000328  00000-0  11003-3 0  9994
2 43929  86.3978   8.7600 0002102  90.9748 269.1689 14.34216030260354
0 IRIDIUM 171
1 43929U 19002H   24002.49633518  .00000351  00000-0  11820-3 0  9990
2 43929  86.3979   8.5267 0002087  90.4375 269.7060 14.34216539260437
0 IRIDIUM 171
1 43929U 19002H   24002.56610382  .00000337  00000-0  11321-3 0  9992
2 43929  86.3979   8.4975 0002088  90.4688 269.6747 14.34216489260446
0 IRIDIUM 171
1 43929U 19002H   24002.91494668  .00000322  00000-0  10788-3 0  9998
2 43929  86.3979   8.3517 0002090  90.5216 269.6219 14.34216629260493
0 IRIDIUM 170
1 43930U 19002J   24001.51563627  .00001151  00000-0  17864-3 0  9990
2 43930  86.6098   8.7825 0002289  88.8504 271.2975 14.72244509267187
0 IRIDIUM 170
1 43930U 19002J   24001.92344453  .00001147  00000-0  17795-3 0  9997
2 43930  86.6098   8.6119 0002295  89.0144 271.1336 14.72245499267248
0 IRIDIUM 170
1 43930U 19002J   24002.53515650  .00001173  00000-0  18211-3 0  9997
2 43930  86.6099   8.3562 0002293  89.1274 271.0206 14.72247069267331
0 IRIDIUM 170
1 43930U 19002J   24002.94296416  .00001113  00000-0  17267-3 0  9992
2 43930  86.6099   8.1857 0002297  89.2629 270.8851 14.72247710267397
0 IRIDIUM 167
1 43931U 19002K   24001.44346653  .00000351  00000-0  11843-3 0  9993
2 43931  86.3969   8.7748 0002061  89.4267 270.7164 14.34214545260280
0 IRIDIUM 167
1 43931U 19002K   24001.51323515  .00000340  00000-0  11426-3 0  9998
2 43931  86.3969   8.7456 0002059  89.4179 270.7253 14.34214552260293
0 IRIDIUM 167
1 43931U 19002K   24001.93184714  .00000334  00000-0  11224-3 0  9999
2 43931  86.3969   8.5705 0002065  89.6288 270.5145 14.34214804260353
0 IRIDIUM 167
1 43931U 19002K   24002.48999627  .00000354  00000-0  11952-3 0  9997
2 43931  86.3970   8.3371 0002061  89.6728 270.4704 14.34215292260438
0 IRIDIUM 167
1 43931U 19002K   24002.55976497  .00000340  00000-0  11441-3 0  9993
2 43931  86.3970   8.3079 0002062  89.7248 270.4184 14.34215242260440
0 IRIDIUM 167
1 43931U 19002K   24002.90860813  .00000325  00000-0  10910-3 0  9999
2 43931  86.3970   8.1621 0002063  89.7928 270.3505 14.34215382260493
0 IRIDIUM 181
1 56726U 23068S   24001.15302332  .00000427  00000-0  12031-3 0  9994
2 56726  86.8617  54.4686 0001776  77.3921 282.7479 14.43569285 32895
0 IRIDIUM 181
1 56726U 23068S   24001.56892599  .00000517  00000-0  14689-3 0  9999
2 56726  86.8618  54.3148 0001767  77.0125 283.1273 14.43569918 32958
0 IRIDIUM 181
1 56726U 23068S   24001.63824312  .00000450  00000-0  12718-3 0  9992
2 56726  86.8617  54.2891 0001762  76.4791 283.6607 14.43569880 32963
0 IRIDIUM 181
1 56726U 23068S   24002.19277983  .00000437  00000-0  12318-3 0  9991
2 56726  86.8617  54.0841 0001748  77.0876 283.0521 14.43570467 33043
0 IRIDIUM 181
1 56726U 23068S   24002.60868231  .00000401  00000-0  11260-3 0  9995
2 56726  86.8617  53.9304 0001732  78.8943 281.2454 14.43570643 33100
0 IRIDIUM 181
1 56726U 23068S   24002.67799938  .00000398  00000-0  11165-3 0  9998
2 56726  86.8617  53.9047 0001730  78.8383 281.3013 14.43570692 33117
0 IRIDIUM 177
1 56727U 23068T   24001.50554144  .00001485  00000-0  19205-3 0  9999
2 56727  86.1967  34.9592 0002188  94.4373 265.7098 14.80199235 33574
0 IRIDIUM 177
1 56727U 23068T   24001.57314414  .00001457  00000-0  18846-3 0  9999
2 56727  86.1967  34.9271 0002193  94.7257 265.4215 14.80199372 33589
0 IRIDIUM 177
1 56727U 23068T   24002.58718656  .00001480  00000-0  19137-3 0  9997
2 56727  86.1967  34.4454 0002201  94.6638 265.4834 14.80202689 33739
0 IRIDIUM 174
1 56728U 23068U   24001.56772014  .00001430  00000-0  18478-3 0  9995
2 56728  86.1974  35.0197 0002377  97.8291 262.3199 14.80206146 33588
0 IRIDIUM 174
1 56728U 23068U   24001.77052788  .00001426  00000-0  18423-3 0  9992
2 56728  86.1974  34.9234 0002380  97.5628 262.5863 14.80206747 33614
0 IRIDIUM 174
1 56728U 23068U   24001.90573284  .00001463  00000-0  18910-3 0  9998
2 56728  86.1974  34.8592 0002378  97.2375 262.9116 14.80207406 33633
0 IRIDIUM 174
1 56728U 23068U   24002.58175800  .00001454  00000-0  18793-3 0  9994
2 56728  86.1974  34.5382 0002387  97.1770 262.9722 14.80209392 33735
0 IRIDIUM 174
1 56728U 23068U   24002.78456530  .00001456  00000-0  18825-3 0  9996
2 56728  86.1974  34.4419 0002391  97.0710 263.0783 14.80210021 33766
0 IRIDIUM 174
1 56728U 23068U   24002.91977013  .00001393  00000-0  17992-3 0  9999
2 56728  86.1974  34.3777 0002394  97.0954 263.0539 14.80210097 33789
0 IRIDIUM 178
1 56729U 23068V   24001.56229348  .00001414  00000-0  18273-3 0  9998
2 56729  86.5770  44.5395 0002175  92.9582 267.1889 14.80203324 33581
0 IRIDIUM 178
1 56729U 23068V   24001.62989639  .00001405  00000-0  18159-3 0  9994
2 56729  86.5770  44.5106 0002176  92.9604 267.1866 14.80203496 33593
0 IRIDIUM 178
1 56729U 23068V   24002.57633621  .00001417  00000-0  18318-3 0  9996
2 56729  86.5770  44.1060 0002175  92.9164 267.2306 14.80206401 33733
0 IRIDIUM 178
1 56729U 23068V   24002.64393900  .00001414  00000-0  18271-3 0  9992
2 56729  86.5770  44.0771 0002176  92.8561 267.2910 14.80206580 33742
0 IRIDIUM 179
1 56730U 23068W   24001.15128137  .00001366  00000-0  17649-3 0  9991
2 56730  86.6779  46.7328 0002231  95.2444 264.9033 14.80202326 33520
0 IRIDIUM 179
1 56730U 23068W   24001.55689909  .00001402  00000-0  18121-3 0  9991
2 56730  86.6779  46.5644 0002235  95.4332 264.7144 14.80203819 33586
0 IRIDIUM 179
1 56730U 23068W   24001.62450202  .00001393  00000-0  18009-3 0  9995
2 56730  86.6779  46.5364 0002235  95.4147 264.7330 14.80203992 33599
0 IRIDIUM 179
1 56730U 23068W   24002.16532484  .00001420  00000-0  18352-3 0  9990
2 56730  86.6779  46.3120 0002235  95.0728 265.0749 14.80205877 33679
0 IRIDIUM 179
1 56730U 23068W   24002.57094205  .00001418  00000-0  18330-3 0  9992
2 56730  86.6780  46.1436 0002235  95.0163 265.1314 14.80207007 33735
0 IRIDIUM 179
1 56730U 23068W   24002.90895594  .00001354  00000-0  17485-3 0  9998
2 56730  86.6779  46.0034 0002240  95.0306 265.1171 14.80207654 33785
