0 LEMUR 2 ANDIS
1 42838U 17042P   24001.52850193  .00006272  00000-0  50432-3 0  9993
2 42838  97.3699 198.3866 0012281 252.9564 107.0315 15.00274501352471
0 LEMUR 2 ANDIS
1 42838U 17042P   24001.52850193  .00006272  00000-0  50432-3 0  9993
2 42838  97.3699 198.3866 0012281 252.9564 107.0315 15.00274501352471
0 LEMUR 2 MONSON
1 42839U 17042Q   24001.06653117  .00005072  00000-0  41513-3 0  9997
2 42839  97.3747 197.5921 0010803 258.4083 101.5928 14.99690923352368
0 LEMUR 2 MONSON
1 42839U 17042Q   24001.53358647  .00005448  00000-0  44546-3 0  9995
2 42839  97.3747 198.0348 0010803 256.2665 103.7357 14.99696792352437
0 LEMUR 2 FURIAUS
1 42840U 17042R   24001.50404982  .00006049  00000-0  49204-3 0  9992
2 42840  97.3820 198.4225 0008754 271.9258  88.0964 14.99872792352427
0 LEMUR 2 FURIAUS
1 42840U 17042R   24001.50404982  .00006049  00000-0  49204-3 0  9992
2 42840  97.3820 198.4225 0008754 271.9258  88.0964 14.99872792352427
0 LEMUR 2 PETERG
1 42841U 17042S   24001.48193416  .00006995  00000-0  57006-3 0  9996
2 42841  97.3774 199.7336 0009252 251.1501 108.8720 14.99742314352492
0 LEMUR 2 DEMBITZ
1 42842U 17042T   24001.07023114  .00005611  00000-0  45436-3 0  9997
2 42842  97.3731 199.3027 0011286 251.9730 108.0265 15.00052628352458
0 LEMUR 2 ZACHARY
1 42845U 17042W   24001.52365395  .00006531  00000-0  49092-3 0  9994
2 42845  97.3816 199.4656 0007426 295.6763  64.3695 15.02871811352643
0 LEMUR 2 JIN-LUEN
1 43182U 18014C   24001.29267142  .00007694  00000-0  50587-3 0  9996
2 43182  97.6017 265.8907 0012596 200.9405 159.1308 15.07802276323418
0 LEMUR 2 JIN-LUEN
1 43182U 18014C   24001.69085140  .00008666  00000-0  56902-3 0  9993
2 43182  97.6016 266.2845 0012622 199.6403 160.4340 15.07810282323478
0 LEMUR 2 JIN-LUEN
1 43182U 18014C   24001.69085140  .00008666  00000-0  56902-3 0  9993
2 43182  97.6016 266.2845 0012622 199.6403 160.4340 15.07810282323478
0 LEMUR 2 URAMCHANSOL
1 43183U 18014D   24001.20980780  .00009258  00000-0  57469-3 0  9992
2 43183  97.6019 266.6897 0012801 189.8642 170.2338 15.09852317323459
0 LEMUR 2 URAMCHANSOL
1 43183U 18014D   24001.67372099  .00009921  00000-0  61537-3 0  9999
2 43183  97.6020 267.1504 0012878 187.9705 172.1321 15.09862089323523
0 LEMUR 2 URAMCHANSOL
1 43183U 18014D   24001.67372099  .00009921  00000-0  61537-3 0  9999
2 43183  97.6020 267.1504 0012878 187.9705 172.1321 15.09862089323523
0 LEMUR 2 KADI
1 43184U 18014E   24001.26890124  .00007775  00000-0  50157-3 0  9990
2 43184  97.5880 265.5081 0011718 175.3244 184.8096 15.08505249323418
0 LEMUR 2 KADI
1 43184U 18014E   24001.26890124  .00007775  00000-0  50157-3 0  9990
2 43184  97.5880 265.5081 0011718 175.3244 184.8096 15.08505249323418
0 LEMUR 2 KADI
1 43184U 18014E   24001.73322855  .00008306  00000-0  53541-3 0  9994
2 43184  97.5881 265.9668 0011780 173.5422 186.5960 15.08513613323481
0 LEMUR 2 THENICKMOLO
1 43185U 18014F   24001.28071383  .00010431  00000-0  66122-3 0  9993
2 43185  97.5956 266.1467 0007865 176.5204 183.6081 15.09091590323438
0 LEMUR 2 THENICKMOLO
1 43185U 18014F   24001.61224746  .00011042  00000-0  69952-3 0  9996
2 43185  97.5955 266.4751 0007919 175.1403 184.9904 15.09099171323488
0 LEMUR 2 THENICKMOLO
1 43185U 18014F   24001.67855394  .00011061  00000-0  70071-3 0  9996
2 43185  97.5956 266.5406 0007927 174.8706 185.2605 15.09100823323498
0 LEMUR 2 CHRISTINAHOLT
1 43882U 18111G   24001.72924684  .00014400  00000-0  84650-3 0  9991
2 43882  97.6431 273.7129 0008524 170.3979 189.7415 15.11757056274425
0 LEMUR 2 CHRISTINAHOLT
1 43882U 18111G   24001.72924684  .00014400  00000-0  84650-3 0  9991
2 43882  97.6431 273.7129 0008524 170.3979 189.7415 15.11757056272423
0 LEMUR 2 TINYKEV
1 43883U 18111H   24001.28535548  .00013451  00000-0  74302-3 0  9998
2 43883  97.6234 273.2226 0008714 168.2991 191.8444 15.14008896274421
0 LEMUR 2 TINYKEV
1 43883U 18111H   24001.28535548  .00013451  00000-0  74302-3 0  9998
2 43883  97.6234 273.2226 0008714 168.2991 191.8444 15.14008896272429
0 LEMUR 2 TINYKEV
1 43883U 18111H   24001.74799490  .00014680  00000-0  81006-3 0  9991
2 43883  97.6233 273.6858 0008742 166.4506 193.6962 15.14023770274498
0 LEMUR 2 REMY-COLTON
1 43884U 18111J   24001.29166042  .00012302  00000-0  72071-3 0  9994
2 43884  97.6374 273.9997 0002176 114.3453 245.8004 15.11944109272423
0 LEMUR 2 REMY-COLTON
1 43884U 18111J   24001.68875002  .00012877  00000-0  75398-3 0  9992
2 43884  97.6373 274.3967 0002264 113.3184 246.8284 15.11954560272481
0 LEMUR 2 GUSTAVO
1 43885U 18111K   24001.29193981  .00011660  00000-0  69354-3 0  9993
2 43885  97.6363 273.2651 0014015 177.8576 182.2716 15.11330360274375
0 LEMUR 2 GUSTAVO
1 43885U 18111K   24001.29193981  .00011660  00000-0  69354-3 0  9993
2 43885  97.6363 273.2651 0014015 177.8576 182.2716 15.11330360272373
0 LEMUR 2 GUSTAVO
1 43885U 18111K   24001.68919085  .00012533  00000-0  74486-3 0  9999
2 43885  97.6364 273.6618 0014082 176.3366 183.7969 15.11341141274430
0 LEMUR 2 ZO
1 43886U 18111L   24001.28798621  .00011574  00000-0  69080-3 0  9995
2 43886  97.6259 273.0039 0011699 195.8288 164.2577 15.11233206274380
0 LEMUR 2 ZO
1 43886U 18111L   24001.28798621  .00011574  00000-0  69080-3 0  9995
2 43886  97.6259 273.0039 0011699 195.8288 164.2577 15.11233206272388
0 LEMUR 2 ZO
1 43886U 18111L   24001.75147540  .00012383  00000-0  73849-3 0  9992
2 43886  97.6259 273.4662 0011700 193.8716 166.2194 15.11245374274457
0 LEMUR 2 NATALIEMURRAY
1 43887U 18111M   24001.28893792  .00011291  00000-0  66677-3 0  9996
2 43887  97.6388 274.1352 0010817 141.6535 218.5466 15.11632057274410
0 LEMUR 2 NATALIEMURRAY
1 43887U 18111M   24001.28893792  .00011291  00000-0  66677-3 0  9996
2 43887  97.6388 274.1352 0010817 141.6535 218.5466 15.11632057274410
0 LEMUR 2 NATALIEMURRAY
1 43887U 18111M   24001.75230452  .00012254  00000-0  72298-3 0  9992
2 43887  97.6387 274.5984 0010872 140.0496 220.1536 15.11644258274484
0 LEMUR 2 SARAHBETTYBOO
1 43888U 18111N   24001.34431250  .00011726  00000-0  68140-3 0  9991
2 43888  97.6727 276.4546 0009608 229.6326 130.4066 15.12217843274443
0 LEMUR 2 SARAHBETTYBOO
1 43888U 18111N   24001.74132960  .00012585  00000-0  73073-3 0  9996
2 43888  97.6727 276.8536 0009711 227.7161 132.3246 15.12228990274500
0 LEMUR 2 DAISY-HARPER
1 43889U 18111P   24001.21939607  .00015604  00000-0  87357-3 0  9997
2 43889  97.6609 276.1828 0007583 225.9007 134.1601 15.13501631274435
0 LEMUR 2 DAISY-HARPER
1 43889U 18111P   24001.74830266  .00016699  00000-0  93400-3 0  9997
2 43889  97.6608 276.7146 0007606 223.5882 136.4749 15.13520424274512
0 LEMUR 2 DAISY-HARPER
1 43889U 18111P   24001.74830266  .00016699  00000-0  93400-3 0  9997
2 43889  97.6608 276.7146 0007606 223.5882 136.4749 15.13520424274512
0 LEMUR-2-DAYWZAGOODDAY
1 46501U 20068R   24001.45345735  .00019759  00000-0  76209-3 0  9993
2 46501  97.7798 322.0236 0008601 147.5141 212.6627 15.26317675179287
0 LEMUR-2-DAYWZAGOODDAY
1 46501U 20068R   24001.84680889  .00022455  00000-0  86488-3 0  9995
2 46501  97.7798 322.4333 0008623 146.2282 213.9506 15.26335382179347
0 LEMUR-2-DAYWZAGOODDAY
1 46501U 20068R   24001.84680889  .00022455  00000-0  86488-3 0  9995
2 46501  97.7798 322.4333 0008623 146.2282 213.9506 15.26335382179347
0 LEMUR-2-NICHOL
1 46503U 20068T   24001.42244858  .00018160  00000-0  73772-3 0  9993
2 46503  97.7803 321.0773 0008483 155.4473 204.7169 15.24601010179230
0 LEMUR-2-NICHOL
1 46503U 20068T   24001.42244858  .00018160  00000-0  73772-3 0  9993
2 46503  97.7803 321.0773 0008483 155.4473 204.7169 15.24601010179230
0 LEMUR-2-NICHOL
1 46503U 20068T   24001.81624273  .00019057  00000-0  77352-3 0  9993
2 46503  97.7805 321.4861 0008523 154.1172 206.0492 15.24617027179296
0 LEMUR 2 AMANDA-SVANTE
1 48269U 21034B   24001.17672274  .00005604  00000-0  51408-3 0  9998
2 48269  97.6847  69.7013 0003187  32.7046 327.4372 14.95263957145367
0 LEMUR 2 AMANDA-SVANTE
1 48269U 21034B   24001.17672274  .00005604  00000-0  51408-3 0  9998
2 48269  97.6847  69.7013 0003187  32.7046 327.4372 14.95263957145367
0 LEMUR 2 AMANDA-SVANTE
1 48269U 21034B   24001.71207639  .00006144  00000-0  56298-3 0  9999
2 48269  97.6847  70.2261 0003156  31.7595 328.3816 14.95271009145442
0 LEMUR 2 SPECIAL K
1 48273U 21034F   24001.19468356  .00008253  00000-0  74895-3 0  9997
2 48273  97.6843  69.8179 0003726  34.2366 325.9094 14.95545135145380
0 LEMUR 2 SPECIAL K
1 48273U 21034F   24001.59612336  .00008786  00000-0  79678-3 0  9995
2 48273  97.6843  70.2114 0003722  33.5151 326.6305 14.95552645145449
0 LEMUR 2 SPECIAL K
1 48273U 21034F   24001.72993621  .00008845  00000-0  80205-3 0  9993
2 48273  97.6843  70.3427 0003743  32.7828 327.3625 14.95554971145461
0 LEMUR 2 EMBRIONOVIS
1 56970U 23084AQ  24001.33650097  .00011306  00000-0  58481-3 0  9994
2 56970  97.5341 120.8443 0013997 233.3898 126.6047 15.16329433 30652
0 LEMUR 2 EMBRIONOVIS
1 56970U 23084AQ  24001.86442430  .00012232  00000-0  63211-3 0  9998
2 56970  97.5338 121.3682 0014002 231.1424 128.8560 15.16342921 30738
0 LEMUR 2 EMBRIONOVIS
1 56970U 23084AQ  24001.86442430  .00012232  00000-0  63211-3 0  9998
2 56970  97.5338 121.3682 0014002 231.1424 128.8560 15.16342921 30738
0 LEMUR 2 NAZIYAH
1 56974U 23084AU  24001.32195448  .00021241  00000-0  95038-3 0  9999
2 56974  97.5215 121.2013 0012745 224.7451 135.2757 15.21241723 30692
0 LEMUR 2 NAZIYAH
1 56974U 23084AU  24001.32195448  .00021241  00000-0  95038-3 0  9999
2 56974  97.5215 121.2013 0012745 224.7451 135.2757 15.21241723 30692
0 LEMUR 2 NAZIYAH
1 56974U 23084AU  24001.84817330  .00023048  00000-0  10300-2 0  9992
2 56974  97.5214 121.7266 0012789 223.0443 136.9793 15.21265249 30773
0 LEMUR 2 AADAM-ALIYAH
1 56977U 23084AX  24001.25479663  .00020739  00000-0  92807-3 0  9990
2 56977  97.5240 121.1926 0012949 227.5785 132.4356 15.21238175 30682
0 LEMUR 2 AADAM-ALIYAH
1 56977U 23084AX  24001.25479663  .00020739  00000-0  92807-3 0  9990
2 56977  97.5240 121.1926 0012949 227.5785 132.4356 15.21238175 30682
0 LEMUR 2 AADAM-ALIYAH
1 56977U 23084AX  24001.78101596  .00021749  00000-0  97227-3 0  9998
2 56977  97.5236 121.7176 0013090 224.7689 135.2491 15.21262408 30766
0 LEMUR 2 MANO
1 57390U 23100E   24001.43854136  .00006676  00000-0  52299-3 0  9996
2 57390  99.4899 167.8274 0015679 111.8720 248.4167 15.01361379 25080
0 LEMUR 2 MANO
1 57390U 23100E   24001.90506007  .00007434  00000-0  58148-3 0  9991
2 57390  99.4899 168.3968 0015710 110.6707 249.6197 15.01369376 25153
0 LEMUR 2 DEVERILL-M-T
1 57391U 23100F   24001.39927137  .00006992  00000-0  54448-3 0  9993
2 57391  99.4681 167.7210 0013135 112.3449 247.9163 15.01596061 25086
0 LEMUR 2 DEVERILL-M-T
1 57391U 23100F   24001.66581234  .00007392  00000-0  57514-3 0  9999
2 57391  99.4682 168.0457 0013181 111.5301 248.7324 15.01600574 25121
0 LEMUR 2 DEVERILL-M-T
1 57391U 23100F   24001.93235262  .00007665  00000-0  59602-3 0  9999
2 57391  99.4682 168.3704 0013211 110.6634 249.6003 15.01605146 25160
0 LEMUR 2 BASS
1 58259U 23174D   24001.19850099  .00006538  00000-0  36147-3 0  9990
2 58259  97.4732  78.2017 0013968 108.5916 251.6834 15.14136877  8230
0 LEMUR 2 BASS
1 58259U 23174D   24001.72718924  .00006700  00000-0  37021-3 0  9992
2 58259  97.4730  78.7206 0013985 107.0127 253.2638 15.14144405  8315
0 LEMUR 2 DILIGHTFUL
1 58260U 23174E   24001.45385521  .00011197  00000-0  60583-3 0  9992
2 58260  97.4795  78.5162 0013211 108.7506 251.5161 15.14745490  8276
0 LEMUR 2 DILIGHTFUL
1 58260U 23174E   24001.51991478  .00011892  00000-0  64312-3 0  9999
2 58260  97.4794  78.5811 0013208 108.5272 251.7397 15.14747891  8281
0 LEMUR 2 DILIGHTFUL
1 58260U 23174E   24001.91627059  .00013081  00000-0  70670-3 0  9990
2 58260  97.4793  78.9708 0013172 107.3152 252.9522 15.14758978  8341
0 LEMUR 2 GOOD-VIBES
1 58263U 23174H   24001.52154352  .00010633  00000-0  57757-3 0  9992
2 58263  97.4740  78.5437 0012605 110.4181 249.8405 15.14626338  8280
0 LEMUR 2 GOOD-VIBES
1 58263U 23174H   24001.78580256  .00010669  00000-0  57939-3 0  9997
2 58263  97.4739  78.8034 0012593 109.5154 250.7440 15.14632082  8327
0 LEMUR 2 GOOD-VIBES
1 58263U 23174H   24001.91793139  .00011523  00000-0  62534-3 0  9995
2 58263  97.4739  78.9332 0012567 109.1330 251.1263 15.14636008  8344
0 LEMUR 2 SANITA-VETRA
1 58267U 23174M   24001.18494236  .00011382  00000-0  61293-3 0  9998
2 58267  97.4722  78.2136 0012105 110.0168 250.2368 15.14920203  8230
0 LEMUR 2 SANITA-VETRA
1 58267U 23174M   24001.44914989  .00011573  00000-0  62303-3 0  9994
2 58267  97.4721  78.4735 0012090 109.3014 250.9527 15.14926106  8276
0 LEMUR 2 SANITA-VETRA
1 58267U 23174M   24001.91151022  .00013693  00000-0  73606-3 0  9990
2 58267  97.4720  78.9278 0012044 107.8653 252.3894 15.14940060  8349
0 LEMUR 2 MARAPAMASM
1 58332U 23174CE  24001.45315700  .00015249  00000-0  77221-3 0  9993
2 58332  97.4715  78.6126 0011246  74.6286 285.6189 15.17030906  8282
0 LEMUR 2 MARAPAMASM
1 58332U 23174CE  24001.45315700  .00015249  00000-0  77221-3 0  9993
2 58332  97.4715  78.6126 0011246  74.6286 285.6189 15.17030906  8282
0 LEMUR 2 MARAPAMASM
1 58332U 23174CE  24001.84891598  .00017517  00000-0  88590-3 0  9991
2 58332  97.4713  79.0026 0011230  73.2585 286.9880 15.17046490  8348
0 LEMUR 2 THE-CLEANER
1 58333U 23174CF  24001.19550618  .00011943  00000-0  61309-3 0  9991
2 58333  97.4724  78.3506 0011305  73.9081 286.3396 15.16608886  8244
0 LEMUR 2 THE-CLEANER
1 58333U 23174CF  24001.72333217  .00012573  00000-0  64496-3 0  9994
2 58333  97.4721  78.8706 0011280  72.1540 288.0922 15.16622207  8327
0 LEMUR 2 JK0903EM1407
1 58336U 23174CJ  24001.20392262  .00007128  00000-0  37392-3 0  9990
2 58336  97.4724  78.3412 0011280  74.5106 285.7371 15.15999586  8245
0 LEMUR 2 JK0903EM1407
1 58336U 23174CJ  24001.20392262  .00007128  00000-0  37392-3 0  9990
2 58336  97.4724  78.3412 0011280  74.5106 285.7371 15.15999586  8245
0 LEMUR 2 JK0903EM1407
1 58336U 23174CJ  24001.73196119  .00007487  00000-0  39248-3 0  9991
2 58336  97.4723  78.8608 0011284  72.9139 287.3329 15.16008097  8327
0 LEMUR 2 MJR092620
1 58340U 23174CN  24001.13311244  .00006227  00000-0  32569-3 0  9998
2 58340  97.4785  78.3213 0012561  71.8524 288.4076 15.16142607  8239
0 LEMUR 2 MJR092620
1 58340U 23174CN  24001.19911113  .00006344  00000-0  33175-3 0  9999
2 58340  97.4785  78.3863 0012578  71.6610 288.5990 15.16143838  8246
0 LEMUR 2 MJR092620
1 58340U 23174CN  24001.72709907  .00006872  00000-0  35896-3 0  9992
2 58340  97.4783  78.9065 0012574  70.1439 290.1148 15.16152305  8325
