0 LEMUR 2 ANDIS
1 42838U 17042P   24022.06867296  .00010232  00000-0  81095-3 0  9997
2 42838  97.3691 217.8599 0013399 173.5279 186.6121 15.00662710355558
0 LEMUR 2 ANDIS
1 42838U 17042P   24022.53542598  .00010265  00000-0  81327-3 0  9998
2 42838  97.3689 218.3025 0013436 171.7791 188.3657 15.00673232355628
0 LEMUR 2 ANDIS
1 42838U 17042P   24023.00217562  .00010585  00000-0  83826-3 0  9992
2 42838  97.3687 218.7451 0013508 170.0775 190.0719 15.00683843355692
0 LEMUR 2 ANDIS
1 42838U 17042P   24023.46892170  .00011831  00000-0  93592-3 0  9992
2 42838  97.3687 219.1877 0013551 168.3273 191.8269 15.00696472355769
0 LEMUR 2 ANDIS
1 42838U 17042P   24023.53559948  .00011646  00000-0  92135-3 0  9999
2 42838  97.3687 219.2510 0013552 168.0768 192.0781 15.00697853355778
0 LEMUR 2 ANDIS
1 42838U 17042P   24024.46908043  .00012652  00000-0  99980-3 0  9999
2 42838  97.3685 220.1363 0013639 164.5754 195.5889 15.00721310355914
0 LEMUR 2 ANDIS
1 42838U 17042P   24024.53575736  .00011263  00000-0  89067-3 0  9998
2 42838  97.3685 220.1995 0013637 164.3313 195.8337 15.00721016355927
0 LEMUR 2 ANDIS
1 42838U 17042P   24025.46922540  .00010529  00000-0  83255-3 0  9997
2 42838  97.3684 221.0849 0013708 160.7899 199.3845 15.00739870356068
0 LEMUR 2 ANDIS
1 42838U 17042P   24026.46935732  .00012545  00000-0  99027-3 0  9999
2 42838  97.3683 222.0334 0013787 157.0759 203.1084 15.00761567356212
0 LEMUR 2 ANDIS
1 42838U 17042P   24027.53615084  .00010672  00000-0  84281-3 0  9998
2 42838  97.3684 223.0453 0013977 153.3300 206.8646 15.00779875356370
0 LEMUR 2 MONSON
1 42839U 17042Q   24022.08191821  .00009809  00000-0  79070-3 0  9992
2 42839  97.3767 217.5128 0011202 171.6760 188.4652 15.00045948355516
0 LEMUR 2 MONSON
1 42839U 17042Q   24022.48215706  .00010127  00000-0  81593-3 0  9993
2 42839  97.3766 217.8924 0011159 170.1852 189.9593 15.00054273355576
0 LEMUR 2 MONSON
1 42839U 17042Q   24023.08251042  .00009818  00000-0  79097-3 0  9994
2 42839  97.3766 218.4618 0011245 167.8807 192.2690 15.00066641355669
0 LEMUR 2 MONSON
1 42839U 17042Q   24023.48274311  .00010954  00000-0  88164-3 0  9990
2 42839  97.3765 218.8414 0011214 166.3209 193.8322 15.00076947355728
0 LEMUR 2 MONSON
1 42839U 17042Q   24024.48331484  .00011754  00000-0  94497-3 0  9991
2 42839  97.3766 219.7906 0011308 162.5951 197.5663 15.00099917355878
0 LEMUR 2 MONSON
1 42839U 17042Q   24025.48387381  .00010598  00000-0  85218-3 0  9995
2 42839  97.3767 220.7397 0011279 158.8031 201.3663 15.00118056356027
0 LEMUR 2 MONSON
1 42839U 17042Q   24026.48441944  .00011552  00000-0  92791-3 0  9997
2 42839  97.3767 221.6894 0011284 154.8924 205.2852 15.00139117356172
0 LEMUR 2 MONSON
1 42839U 17042Q   24026.55112249  .00010009  00000-0  80477-3 0  9992
2 42839  97.3767 221.7526 0011307 154.6801 205.4979 15.00137547356181
0 LEMUR 2 MONSON
1 42839U 17042Q   24027.48495275  .00010796  00000-0  86716-3 0  9993
2 42839  97.3773 222.6389 0011380 151.4703 208.7147 15.00156806356320
0 LEMUR 2 FURIAUS
1 42840U 17042R   24022.04989168  .00008784  00000-0  70560-3 0  9995
2 42840  97.3774 217.9175 0010591 200.8865 159.1928 15.00216901355502
0 LEMUR 2 FURIAUS
1 42840U 17042R   24022.51678365  .00008776  00000-0  70478-3 0  9990
2 42840  97.3771 218.3605 0010672 199.3487 160.7334 15.00224930355571
0 LEMUR 2 FURIAUS
1 42840U 17042R   24023.05037069  .00008494  00000-0  68213-3 0  9991
2 42840  97.3768 218.8668 0010739 197.5792 162.5062 15.00234540355659
0 LEMUR 2 FURIAUS
1 42840U 17042R   24023.51725668  .00009415  00000-0  75535-3 0  9990
2 42840  97.3766 219.3099 0010783 196.0953 163.9930 15.00244293355726
0 LEMUR 2 FURIAUS
1 42840U 17042R   24024.51771800  .00010074  00000-0  80736-3 0  9992
2 42840  97.3762 220.2591 0010892 192.9392 167.1555 15.00263502355872
0 LEMUR 2 FURIAUS
1 42840U 17042R   24025.51816805  .00009227  00000-0  73966-3 0  9993
2 42840  97.3759 221.2083 0010987 189.8410 170.2601 15.00279442356021
0 LEMUR 2 FURIAUS
1 42840U 17042R   24026.51860733  .00008224  00000-0  65958-3 0  9991
2 42840  97.3757 222.1575 0011026 186.8478 173.2597 15.00294069356176
0 LEMUR 2 FURIAUS
1 42840U 17042R   24027.51903651  .00008863  00000-0  71005-3 0  9998
2 42840  97.3755 223.1066 0011128 183.6799 176.4345 15.00310431356329
0 LEMUR 2 PETERG
1 42841U 17042S   24022.02890422  .00012940  00000-0  10372-2 0  9991
2 42841  97.3823 219.2246 0009105 169.0476 191.0948 15.00211526355577
0 LEMUR 2 PETERG
1 42841U 17042S   24022.49579714  .00012455  00000-0  99824-3 0  9991
2 42841  97.3822 219.6681 0009174 167.4006 192.7449 15.00223193355645
0 LEMUR 2 PETERG
1 42841U 17042S   24022.76259177  .00012546  00000-0  10053-2 0  9996
2 42841  97.3821 219.9215 0009100 166.3500 193.7972 15.00229260355683
0 LEMUR 2 PETERG
1 42841U 17042S   24023.09608280  .00012507  00000-0  10020-2 0  9997
2 42841  97.3821 220.2383 0009107 165.1360 195.0134 15.00238260355733
0 LEMUR 2 PETERG
1 42841U 17042S   24023.49626937  .00013711  00000-0  10975-2 0  9997
2 42841  97.3822 220.6182 0009140 163.7052 196.4468 15.00250414355790
0 LEMUR 2 PETERG
1 42841U 17042S   24024.49672228  .00014834  00000-0  11859-2 0  9991
2 42841  97.3824 221.5681 0009193 160.1463 200.0121 15.00280311355945
0 LEMUR 2 PETERG
1 42841U 17042S   24025.49715852  .00012308  00000-0  98449-3 0  9998
2 42841  97.3827 222.5179 0009193 156.4517 203.7130 15.00302834356091
0 LEMUR 2 PETERG
1 42841U 17042S   24025.76393923  .00013156  00000-0  10517-2 0  9990
2 42841  97.3827 222.7713 0009240 155.6555 204.5108 15.00308838356132
0 LEMUR 2 PETERG
1 42841U 17042S   24026.49757957  .00014776  00000-0  11798-2 0  9993
2 42841  97.3831 223.4679 0009233 153.0757 207.0948 15.00328297356247
0 LEMUR 2 PETERG
1 42841U 17042S   24027.49798449  .00013302  00000-0  10621-2 0  9993
2 42841  97.3833 224.4181 0009329 149.7379 210.4386 15.00350817356399
0 LEMUR 2 DEMBITZ
1 42842U 17042T   24022.08040517  .00009495  00000-0  75793-3 0  9990
2 42842  97.3736 219.2247 0011800 166.8043 193.3492 15.00423643355600
0 LEMUR 2 DEMBITZ
1 42842U 17042T   24022.48054346  .00009674  00000-0  77198-3 0  9999
2 42842  97.3736 219.6043 0011897 165.3603 194.7968 15.00431217355665
0 LEMUR 2 DEMBITZ
1 42842U 17042T   24023.08074598  .00009505  00000-0  75828-3 0  9998
2 42842  97.3736 220.1737 0011959 163.0165 197.1462 15.00443703355758
0 LEMUR 2 DEMBITZ
1 42842U 17042T   24023.48087860  .00010267  00000-0  81845-3 0  9991
2 42842  97.3736 220.5533 0011986 161.4302 198.7362 15.00452785355814
0 LEMUR 2 DEMBITZ
1 42842U 17042T   24024.48119995  .00011318  00000-0  90111-3 0  9991
2 42842  97.3734 221.5023 0012142 157.6394 202.5363 15.00475335355967
0 LEMUR 2 DEMBITZ
1 42842U 17042T   24024.54788773  .00010125  00000-0  80671-3 0  9999
2 42842  97.3733 221.5655 0012142 157.3492 202.8271 15.00475098355971
0 LEMUR 2 DEMBITZ
1 42842U 17042T   24025.48150908  .00010180  00000-0  81069-3 0  9999
2 42842  97.3731 222.4510 0012185 153.6595 206.5251 15.00492891356115
0 LEMUR 2 DEMBITZ
1 42842U 17042T   24025.54819605  .00010341  00000-0  82338-3 0  9991
2 42842  97.3731 222.5143 0012204 153.4360 206.7493 15.00494202356127
0 LEMUR 2 DEMBITZ
1 42842U 17042T   24026.48180597  .00010643  00000-0  84686-3 0  9999
2 42842  97.3731 223.3999 0012267 149.7803 210.4131 15.00511650356267
0 LEMUR 2 DEMBITZ
1 42842U 17042T   24026.54849262  .00009010  00000-0  71779-3 0  9992
2 42842  97.3731 223.4633 0012275 149.5210 210.6731 15.00509713356278
0 LEMUR 2 DEMBITZ
1 42842U 17042T   24027.48209183  .00010009  00000-0  79637-3 0  9999
2 42842  97.3732 224.3489 0012389 146.1009 214.1010 15.00527793356416
0 LEMUR 2 DEMBITZ
1 42842U 17042T   24027.54877735  .00009110  00000-0  72536-3 0  9992
2 42842  97.3731 224.4122 0012385 145.8273 214.3751 15.00527422356429
0 LEMUR 2 ZACHARY
1 42845U 17042W   24022.09449724  .00014001  00000-0  10334-2 0  9995
2 42845  97.3806 219.0746 0008481 217.6940 142.3693 15.03339899355738
0 LEMUR 2 ZACHARY
1 42845U 17042W   24022.49385885  .00013892  00000-0  10251-2 0  9991
2 42845  97.3806 219.4556 0008480 216.2059 143.8594 15.03351595355795
0 LEMUR 2 ZACHARY
1 42845U 17042W   24023.09289479  .00014422  00000-0  10634-2 0  9995
2 42845  97.3807 220.0268 0008482 213.7850 146.2837 15.03370491355880
0 LEMUR 2 ZACHARY
1 42845U 17042W   24023.49224785  .00015659  00000-0  11536-2 0  9993
2 42845  97.3808 220.4078 0008492 212.1809 147.8900 15.03384628355944
0 LEMUR 2 ZACHARY
1 42845U 17042W   24024.09127126  .00015145  00000-0  11154-2 0  9997
2 42845  97.3809 220.9792 0008474 209.8709 150.2035 15.03403089356036
0 LEMUR 2 ZACHARY
1 42845U 17042W   24024.49061604  .00016701  00000-0  12289-2 0  9998
2 42845  97.3811 221.3600 0008446 208.3318 151.7450 15.03417611356090
0 LEMUR 2 ZACHARY
1 42845U 17042W   24025.48896674  .00013659  00000-0  10056-2 0  9990
2 42845  97.3812 222.3127 0008390 204.5832 155.4996 15.03441201356248
0 LEMUR 2 ZACHARY
1 42845U 17042W   24026.48730033  .00016066  00000-0  11808-2 0  9998
2 42845  97.3813 223.2654 0008350 200.6120 159.4771 15.03469405356394
0 LEMUR 2 ZACHARY
1 42845U 17042W   24027.08629289  .00013647  00000-0  10037-2 0  9990
2 42845  97.3813 223.8371 0008312 198.2416 161.8513 15.03481388356489
0 LEMUR 2 ZACHARY
1 42845U 17042W   24027.48561795  .00013489  00000-0  99182-3 0  9994
2 42845  97.3814 224.2180 0008430 196.0811 164.0149 15.03490951356542
0 LEMUR 2 JIN-LUEN
1 43182U 18014C   24022.19417299  .00011395  00000-0  73668-3 0  9996
2 43182  97.6029 286.5668 0014818 129.8791 230.3743 15.08280334326561
0 LEMUR 2 JIN-LUEN
1 43182U 18014C   24022.72491043  .00012007  00000-0  77563-3 0  9993
2 43182  97.6030 287.0920 0014922 128.2035 232.0540 15.08294289326647
0 LEMUR 2 JIN-LUEN
1 43182U 18014C   24023.18930153  .00012985  00000-0  83804-3 0  9994
2 43182  97.6030 287.5516 0014979 126.6553 233.6055 15.08307169326710
0 LEMUR 2 JIN-LUEN
1 43182U 18014C   24023.72002944  .00013037  00000-0  84103-3 0  9994
2 43182  97.6030 288.0769 0014985 124.9622 235.3016 15.08321637326791
0 LEMUR 2 JIN-LUEN
1 43182U 18014C   24024.64879183  .00012620  00000-0  81378-3 0  9991
2 43182  97.6028 288.9961 0015050 122.0438 238.2254 15.08345100326932
0 LEMUR 2 JIN-LUEN
1 43182U 18014C   24025.31218520  .00011196  00000-0  72232-3 0  9994
2 43182  97.6025 289.6524 0015083 120.2140 240.0584 15.08359041327036
0 LEMUR 2 JIN-LUEN
1 43182U 18014C   24025.71021851  .00011868  00000-0  76511-3 0  9997
2 43182  97.6024 290.0462 0015125 119.2364 241.0379 15.08368272327090
0 LEMUR 2 JIN-LUEN
1 43182U 18014C   24026.17458764  .00012546  00000-0  80829-3 0  9996
2 43182  97.6023 290.5061 0015155 117.9005 242.3760 15.08378682327161
0 LEMUR 2 JIN-LUEN
1 43182U 18014C   24027.30232858  .00011670  00000-0  75175-3 0  9991
2 43182  97.6016 291.6225 0015155 114.6679 245.6129 15.08401736327339
0 LEMUR 2 JIN-LUEN
1 43182U 18014C   24027.70035068  .00010881  00000-0  70111-3 0  9997
2 43182  97.6013 292.0165 0015131 113.5301 246.7519 15.08409266327395
0 LEMUR 2 URAMCHANSOL
1 43183U 18014D   24022.28135636  .00014351  00000-0  87425-3 0  9990
2 43183  97.6016 287.5985 0014980 119.4427 240.8299 15.10397741326636
0 LEMUR 2 URAMCHANSOL
1 43183U 18014D   24022.67885184  .00014950  00000-0  91014-3 0  9997
2 43183  97.6017 287.9930 0015036 118.1826 242.0924 15.10410797326695
0 LEMUR 2 URAMCHANSOL
1 43183U 18014D   24023.27508832  .00016165  00000-0  98308-3 0  9999
2 43183  97.6019 288.5849 0015100 116.4431 243.8350 15.10431316326780
0 LEMUR 2 URAMCHANSOL
1 43183U 18014D   24024.20255499  .00015507  00000-0  94251-3 0  9993
2 43183  97.6019 289.5054 0015318 113.4487 246.8355 15.10457442326920
0 LEMUR 2 URAMCHANSOL
1 43183U 18014D   24024.66628026  .00015724  00000-0  95522-3 0  9996
2 43183  97.6022 289.9660 0015296 112.1078 248.1777 15.10473003326999
0 LEMUR 2 URAMCHANSOL
1 43183U 18014D   24025.26249462  .00013035  00000-0  79253-3 0  9992
2 43183  97.6021 290.5583 0015337 110.1489 250.1392 15.10486021327081
0 LEMUR 2 URAMCHANSOL
1 43183U 18014D   24025.72621349  .00013587  00000-0  82561-3 0  9999
2 43183  97.6021 291.0187 0015409 108.7831 251.5071 15.10497460327157
0 LEMUR 2 URAMCHANSOL
1 43183U 18014D   24026.25617306  .00014763  00000-0  89621-3 0  9997
2 43183  97.6020 291.5448 0015482 107.4892 252.8031 15.10511275327235
0 LEMUR 2 URAMCHANSOL
1 43183U 18014D   24027.24983454  .00013466  00000-0  81745-3 0  9995
2 43183  97.6018 292.5315 0015525 104.7863 255.5087 15.10535016327388
0 LEMUR 2 URAMCHANSOL
1 43183U 18014D   24027.71353784  .00012418  00000-0  75400-3 0  9991
2 43183  97.6014 292.9920 0015570 103.6272 256.6692 15.10545403327455
0 LEMUR 2 KADI
1 43184U 18014E   24022.16072205  .00012390  00000-0  78556-3 0  9996
2 43184  97.5867 286.1565 0013769 109.6175 250.6541 15.08986431326562
0 LEMUR 2 KADI
1 43184U 18014E   24022.69121121  .00012915  00000-0  81827-3 0  9994
2 43184  97.5867 286.6810 0013788 108.0583 252.2149 15.09000583326644
0 LEMUR 2 KADI
1 43184U 18014E   24023.28800507  .00014445  00000-0  91417-3 0  9998
2 43184  97.5867 287.2708 0013739 106.1935 254.0806 15.09018474326731
0 LEMUR 2 KADI
1 43184U 18014E   24023.68586359  .00015028  00000-0  95045-3 0  9997
2 43184  97.5865 287.6645 0013740 105.2006 255.0743 15.09030975326791
0 LEMUR 2 KADI
1 43184U 18014E   24024.28264598  .00015343  00000-0  96979-3 0  9999
2 43184  97.5867 288.2544 0013730 103.1953 257.0808 15.09048667326886
0 LEMUR 2 KADI
1 43184U 18014E   24024.68049725  .00014689  00000-0  92845-3 0  9996
2 43184  97.5869 288.6474 0013709 101.7725 258.5043 15.09059278326945
0 LEMUR 2 KADI
1 43184U 18014E   24025.27726889  .00013001  00000-0  82206-3 0  9992
2 43184  97.5870 289.2375 0013749 100.0058 260.2722 15.09073520327030
0 LEMUR 2 KADI
1 43184U 18014E   24025.67511365  .00013825  00000-0  87359-3 0  9995
2 43184  97.5872 289.6308 0013783  98.7707 261.5083 15.09084366327094
0 LEMUR 2 KADI
1 43184U 18014E   24026.27187550  .00014893  00000-0  94017-3 0  9992
2 43184  97.5872 290.2210 0013819  96.8745 263.4056 15.09100439327186
0 LEMUR 2 KADI
1 43184U 18014E   24027.26646579  .00013086  00000-0  82623-3 0  9996
2 43184  97.5874 291.2040 0013925  93.9351 266.3470 15.09123077327331
0 LEMUR 2 KADI
1 43184U 18014E   24027.73060283  .00012135  00000-0  76639-3 0  9994
2 43184  97.5873 291.6631 0013981  92.6191 267.6638 15.09132945327402
0 LEMUR 2 THENICKMOLO
1 43185U 18014F   24022.69385555  .00016271  00000-0  10107-2 0  9999
2 43185  97.5960 287.3543 0009919 107.6887 252.5426 15.09711660326661
0 LEMUR 2 THENICKMOLO
1 43185U 18014F   24023.29036762  .00017565  00000-0  10899-2 0  9994
2 43185  97.5960 287.9454 0009916 106.1075 254.1246 15.09733185326752
0 LEMUR 2 THENICKMOLO
1 43185U 18014F   24023.68803830  .00017441  00000-0  10819-2 0  9990
2 43185  97.5961 288.3394 0009939 104.9154 255.3176 15.09746356326816
0 LEMUR 2 THENICKMOLO
1 43185U 18014F   24024.28453660  .00018893  00000-0  11706-2 0  9997
2 43185  97.5958 288.9303 0010017 103.6623 256.5722 15.09769201326908
0 LEMUR 2 THENICKMOLO
1 43185U 18014F   24024.68219832  .00017673  00000-0  10951-2 0  9998
2 43185  97.5960 289.3244 0010063 102.3000 257.9356 15.09781156326963
0 LEMUR 2 THENICKMOLO
1 43185U 18014F   24025.54378717  .00015825  00000-0  98055-3 0  9991
2 43185  97.5960 290.1784 0010131  99.8240 260.4134 15.09805952327093
0 LEMUR 2 THENICKMOLO
1 43185U 18014F   24025.67633817  .00015966  00000-0  98916-3 0  9992
2 43185  97.5963 290.3094 0010146  99.3723 260.8654 15.09810113327118
0 LEMUR 2 THENICKMOLO
1 43185U 18014F   24026.27281248  .00017782  00000-0  11003-2 0  9995
2 43185  97.5967 290.9000 0010199  97.6193 262.6195 15.09829913327203
0 LEMUR 2 THENICKMOLO
1 43185U 18014F   24027.26692154  .00015656  00000-0  96874-3 0  9995
2 43185  97.5963 291.8856 0010359  94.6900 265.5513 15.09856855327356
0 LEMUR 2 THENICKMOLO
1 43185U 18014F   24027.66456003  .00014680  00000-0  90845-3 0  9998
2 43185  97.5964 292.2796 0010405  93.4682 266.7738 15.09867145327414
0 LEMUR 2 CHRISTINAHOLT
1 43882U 18111G   24022.24286780  .00020681  00000-0  11840-2 0  9997
2 43882  97.6422 294.2425 0010747 110.1816 250.0571 15.12610547277527
0 LEMUR 2 CHRISTINAHOLT
1 43882U 18111G   24022.70593353  .00022657  00000-0  12957-2 0  9990
2 43882  97.6422 294.7065 0010793 108.7962 251.4440 15.12630860277595
0 LEMUR 2 CHRISTINAHOLT
1 43882U 18111G   24023.23514267  .00023792  00000-0  13592-2 0  9993
2 43882  97.6424 295.2362 0010841 107.6680 252.5735 15.12657396277673
0 LEMUR 2 CHRISTINAHOLT
1 43882U 18111G   24023.69819417  .00023867  00000-0  13626-2 0  9999
2 43882  97.6427 295.7002 0010894 105.9219 254.3212 15.12678319277745
0 LEMUR 2 CHRISTINAHOLT
1 43882U 18111G   24024.29353605  .00024473  00000-0  13959-2 0  9991
2 43882  97.6431 296.2961 0010976 104.4916 255.7533 15.12706569277839
0 LEMUR 2 CHRISTINAHOLT
1 43882U 18111G   24024.75657316  .00023747  00000-0  13540-2 0  9997
2 43882  97.6432 296.7602 0011015 102.6008 257.6455 15.12725586277906
0 LEMUR 2 CHRISTINAHOLT
1 43882U 18111G   24025.28575141  .00019056  00000-0  10874-2 0  9996
2 43882  97.6436 297.2901 0011061 101.4493 258.7980 15.12743294277983
0 LEMUR 2 CHRISTINAHOLT
1 43882U 18111G   24025.74877799  .00022715  00000-0  12942-2 0  9995
2 43882  97.6435 297.7542 0011116  99.6716 260.5770 15.12760144278055
0 LEMUR 2 CHRISTINAHOLT
1 43882U 18111G   24026.27794335  .00021988  00000-0  12523-2 0  9994
2 43882  97.6435 298.2842 0011126  98.2396 262.0096 15.12781963278133
0 LEMUR 2 CHRISTINAHOLT
1 43882U 18111G   24026.67481367  .00018456  00000-0  10519-2 0  9995
2 43882  97.6435 298.6818 0011173  97.2462 263.0039 15.12792171276190
0 LEMUR 2 CHRISTINAHOLT
1 43882U 18111G   24027.33625600  .00019035  00000-0  10840-2 0  9990
2 43882  97.6432 299.3441 0011187  95.5951 264.6556 15.12815836278294
0 LEMUR 2 CHRISTINAHOLT
1 43882U 18111G   24027.73311690  .00017760  00000-0  10115-2 0  9993
2 43882  97.6429 299.7420 0011186  94.3181 265.9328 15.12828091278357
0 LEMUR 2 TINYKEV
1 43883U 18111H   24022.23112926  .00021343  00000-0  11473-2 0  9995
2 43883  97.6234 294.2033 0010970 105.3284 254.9160 15.14855127277598
0 LEMUR 2 TINYKEV
1 43883U 18111H   24022.69350919  .00022806  00000-0  12247-2 0  9996
2 43883  97.6236 294.6669 0010984 103.8691 256.3763 15.14876291277667
0 LEMUR 2 TINYKEV
1 43883U 18111H   24023.28798735  .00023482  00000-0  12597-2 0  9993
2 43883  97.6237 295.2625 0011060 102.5262 257.7208 15.14905757277752
0 LEMUR 2 TINYKEV
1 43883U 18111H   24023.68430089  .00023754  00000-0  12736-2 0  9999
2 43883  97.6238 295.6600 0011123 101.0143 259.2340 15.14922885277814
0 LEMUR 2 TINYKEV
1 43883U 18111H   24024.27876157  .00024913  00000-0  13342-2 0  9997
2 43883  97.6236 296.2560 0011161  99.1582 261.0913 15.14951943277904
0 LEMUR 2 TINYKEV
1 43883U 18111H   24024.74111290  .00023998  00000-0  12848-2 0  9991
2 43883  97.6236 296.7196 0011188  97.8112 262.4391 15.14970770277978
0 LEMUR 2 TINYKEV
1 43883U 18111H   24025.26950706  .00019445  00000-0  10418-2 0  9995
2 43883  97.6237 297.2489 0011219  96.5674 263.6836 15.14990279278057
0 LEMUR 2 TINYKEV
1 43883U 18111H   24025.73184696  .00023043  00000-0  12327-2 0  9994
2 43883  97.6234 297.7127 0011204  95.1464 265.1046 15.15008116278123
0 LEMUR 2 TINYKEV
1 43883U 18111H   24026.32627458  .00025040  00000-0  13379-2 0  9995
2 43883  97.6235 298.3086 0011220  94.4371 265.8143 15.15033754278213
0 LEMUR 2 TINYKEV
1 43883U 18111H   24026.98673909  .00021301  00000-0  11385-2 0  9990
2 43883  97.6231 298.9710 0011108  92.7713 267.4790 15.15056680278315
0 LEMUR 2 TINYKEV
1 43883U 18111H   24027.71323868  .00019778  00000-0  10568-2 0  9995
2 43883  97.6229 299.6996 0011123  90.4796 269.7710 15.15083403278421
0 LEMUR 2 REMY-COLTON
1 43884U 18111J   24022.26651233  .00018058  00000-0  10330-2 0  9998
2 43884  97.6377 294.9800 0003652  94.3883 265.7765 15.12712191275597
0 LEMUR 2 REMY-COLTON
1 43884U 18111J   24022.72954700  .00019937  00000-0  11392-2 0  9990
2 43884  97.6379 295.4443 0003646  91.6166 268.5483 15.12730745275666
0 LEMUR 2 REMY-COLTON
1 43884U 18111J   24023.72174293  .00021475  00000-0  12251-2 0  9997
2 43884  97.6377 296.4374 0003582  90.8557 269.3084 15.12773690275811
0 LEMUR 2 REMY-COLTON
1 43884U 18111J   24024.31704724  .00023687  00000-0  13495-2 0  9999
2 43884  97.6373 297.0323 0003600  91.6382 268.5261 15.12800718275904
0 LEMUR 2 REMY-COLTON
1 43884U 18111J   24024.71391172  .00022998  00000-0  13099-2 0  9996
2 43884  97.6372 297.4297 0003608  89.4577 270.7067 15.12816400275966
0 LEMUR 2 REMY-COLTON
1 43884U 18111J   24025.30920243  .00018290  00000-0  10427-2 0  9991
2 43884  97.6372 298.0254 0003552  88.9733 271.1905 15.12832416276054
0 LEMUR 2 REMY-COLTON
1 43884U 18111J   24026.23519419  .00021429  00000-0  12193-2 0  9993
2 43884  97.6373 298.9524 0003592  86.3432 273.8209 15.12868139276198
0 LEMUR 2 REMY-COLTON
1 43884U 18111J   24026.69818948  .00016388  00000-0  93389-3 0  9997
2 43884  97.6373 299.4168 0003688  88.4254 271.7399 15.12870727276260
0 LEMUR 2 REMY-COLTON
1 43884U 18111J   24027.29345578  .00018166  00000-0  10339-2 0  9997
2 43884  97.6373 300.0130 0003758  88.3641 271.8020 15.12893995276359
0 LEMUR 2 REMY-COLTON
1 43884U 18111J   24027.69029519  .00017383  00000-0  98925-3 0  9993
2 43884  97.6374 300.4102 0003714  87.6593 272.5063 15.12907813276410
0 LEMUR 2 GUSTAVO
1 43885U 18111K   24022.27556737  .00018302  00000-0  10627-2 0  9994
2 43885  97.6367 294.2302 0016342 109.6658 250.6337 15.12064160277548
0 LEMUR 2 GUSTAVO
1 43885U 18111K   24022.73880005  .00019106  00000-0  11085-2 0  9995
2 43885  97.6366 294.6935 0016370 108.3519 251.9493 15.12083297277613
0 LEMUR 2 GUSTAVO
1 43885U 18111K   24023.26820116  .00020841  00000-0  12077-2 0  9991
2 43885  97.6366 295.2229 0016382 106.8070 253.4959 15.12106962277691
0 LEMUR 2 GUSTAVO
1 43885U 18111K   24023.33437573  .00020955  00000-0  12142-2 0  9999
2 43885  97.6366 295.2890 0016373 106.5746 253.7283 15.12109894275702
0 LEMUR 2 GUSTAVO
1 43885U 18111K   24023.73142165  .00019828  00000-0  11488-2 0  9992
2 43885  97.6365 295.6860 0016403 105.4390 254.8654 15.12124333277766
0 LEMUR 2 GUSTAVO
1 43885U 18111K   24024.32698222  .00020848  00000-0  12067-2 0  9996
2 43885  97.6364 296.2816 0016414 103.9271 256.3786 15.12148797277859
0 LEMUR 2 GUSTAVO
1 43885U 18111K   24024.72401806  .00019811  00000-0  11466-2 0  9990
2 43885  97.6364 296.6786 0016403 102.7474 257.5591 15.12162590277910
0 LEMUR 2 GUSTAVO
1 43885U 18111K   24025.71659198  .00018788  00000-0  10867-2 0  9995
2 43885  97.6362 297.6712 0016408  99.8054 260.5030 15.12195918278062
0 LEMUR 2 GUSTAVO
1 43885U 18111K   24026.31212586  .00020752  00000-0  11989-2 0  9998
2 43885  97.6360 298.2668 0016405  98.0609 262.2484 15.12217502278157
0 LEMUR 2 GUSTAVO
1 43885U 18111K   24027.30466366  .00019825  00000-0  11446-2 0  9992
2 43885  97.6362 299.2595 0016376  95.1056 265.2043 15.12251667278301
0 LEMUR 2 ZO
1 43886U 18111L   24022.27305979  .00017418  00000-0  10157-2 0  9990
2 43886  97.6260 293.9390 0014179 124.4632 235.7940 15.11948811277555
0 LEMUR 2 ZO
1 43886U 18111L   24022.73632835  .00017978  00000-0  10476-2 0  9990
2 43886  97.6260 294.4015 0014223 123.1041 237.1557 15.11966624277625
0 LEMUR 2 ZO
1 43886U 18111L   24023.26577062  .00019754  00000-0  11497-2 0  9997
2 43886  97.6259 294.9298 0014305 121.7493 238.5133 15.11989262277704
0 LEMUR 2 ZO
1 43886U 18111L   24023.72902740  .00019153  00000-0  11144-2 0  9995
2 43886  97.6259 295.3924 0014365 120.4247 239.8405 15.12006266277772
0 LEMUR 2 ZO
1 43886U 18111L   24024.25845633  .00020424  00000-0  11871-2 0  9991
2 43886  97.6256 295.9210 0014454 119.3111 240.9566 15.12028315277858
0 LEMUR 2 ZO
1 43886U 18111L   24024.72170126  .00019453  00000-0  11305-2 0  9993
2 43886  97.6256 296.3835 0014466 118.0565 242.2130 15.12044793277926
0 LEMUR 2 ZO
1 43886U 18111L   24025.71435363  .00018423  00000-0  10700-2 0  9994
2 43886  97.6254 297.3745 0014506 115.1701 245.1035 15.12076907278075
0 LEMUR 2 ZO
1 43886U 18111L   24026.97168108  .00018691  00000-0  10842-2 0  9997
2 43886  97.6254 298.6299 0014465 111.0745 249.2033 15.12119787276266
0 LEMUR 2 ZO
1 43886U 18111L   24027.30255032  .00019383  00000-0  11237-2 0  9996
2 43886  97.6255 298.9603 0014467 110.2674 250.0113 15.12133002278316
0 LEMUR 2 ZO
1 43886U 18111L   24027.69959098  .00017996  00000-0  10434-2 0  9997
2 43886  97.6255 299.3568 0014517 108.8792 251.4014 15.12144804278374
0 LEMUR 2 NATALIEMURRAY
1 43887U 18111M   24022.26827451  .00018472  00000-0  10646-2 0  9998
2 43887  97.6384 295.1124 0012255  80.8666 279.3950 15.12381039277589
0 LEMUR 2 NATALIEMURRAY
1 43887U 18111M   24022.33443698  .00018496  00000-0  10659-2 0  9993
2 43887  97.6386 295.1786 0012251  81.2012 279.0605 15.12383511277593
0 LEMUR 2 NATALIEMURRAY
1 43887U 18111M   24022.73140982  .00018944  00000-0  10911-2 0  9996
2 43887  97.6386 295.5758 0012223  80.1458 280.1152 15.12399700277651
0 LEMUR 2 NATALIEMURRAY
1 43887U 18111M   24023.26069976  .00020612  00000-0  11858-2 0  9994
2 43887  97.6385 296.1053 0012126  79.0000 281.2594 15.12423351277738
0 LEMUR 2 NATALIEMURRAY
1 43887U 18111M   24023.72382255  .00021228  00000-0  12204-2 0  9993
2 43887  97.6384 296.5690 0012074  77.6848 282.5733 15.12442177277808
0 LEMUR 2 NATALIEMURRAY
1 43887U 18111M   24024.31925689  .00023120  00000-0  13275-2 0  9995
2 43887  97.6384 297.1646 0012031  76.2494 284.0075 15.12469060277896
0 LEMUR 2 NATALIEMURRAY
1 43887U 18111M   24024.71620850  .00022090  00000-0  12682-2 0  9997
2 43887  97.6384 297.5620 0012047  74.9424 285.3138 15.12483259277954
0 LEMUR 2 NATALIEMURRAY
1 43887U 18111M   24025.24547070  .00019043  00000-0  10937-2 0  9993
2 43887  97.6385 298.0914 0012004  73.5888 286.6661 15.12501858278030
0 LEMUR 2 NATALIEMURRAY
1 43887U 18111M   24025.64241334  .00022163  00000-0  12712-2 0  9991
2 43887  97.6386 298.4889 0011997  72.1386 288.1152 15.12517050278093
0 LEMUR 2 NATALIEMURRAY
1 43887U 18111M   24026.30397481  .00022763  00000-0  13044-2 0  9995
2 43887  97.6386 299.1509 0011964  70.2835 289.9685 15.12545107278197
0 LEMUR 2 NATALIEMURRAY
1 43887U 18111M   24026.70090693  .00019326  00000-0  11082-2 0  9995
2 43887  97.6384 299.5483 0011958  69.7477 290.5038 15.12555818278255
0 LEMUR 2 NATALIEMURRAY
1 43887U 18111M   24027.29629669  .00020871  00000-0  11954-2 0  9996
2 43887  97.6383 300.1443 0011994  68.1248 292.1257 15.12581309278343
0 LEMUR 2 NATALIEMURRAY
1 43887U 18111M   24027.69321911  .00019175  00000-0  10984-2 0  9996
2 43887  97.6383 300.5416 0012084  66.6515 293.5985 15.12594211278404
0 LEMUR 2 SARAHBETTYBOO
1 43888U 18111N   24022.24922404  .00019741  00000-0  11184-2 0  9999
2 43888  97.6727 297.4695 0012088 152.8346 207.3520 15.12986106277601
0 LEMUR 2 SARAHBETTYBOO
1 43888U 18111N   24022.71217510  .00021444  00000-0  12136-2 0  9997
2 43888  97.6729 297.9354 0012102 151.2137 208.9763 15.13005709277673
0 LEMUR 2 SARAHBETTYBOO
1 43888U 18111N   24022.91058018  .00020522  00000-0  11614-2 0  9991
2 43888  97.6730 298.1348 0012144 150.6711 209.5204 15.13014731277704
0 LEMUR 2 SARAHBETTYBOO
1 43888U 18111N   24023.24125298  .00023168  00000-0  13095-2 0  9997
2 43888  97.6732 298.4674 0012223 149.5885 210.6057 15.13033149277756
0 LEMUR 2 SARAHBETTYBOO
1 43888U 18111N   24023.70418987  .00023119  00000-0  13060-2 0  9996
2 43888  97.6733 298.9333 0012266 147.6686 212.5299 15.13053651277826
0 LEMUR 2 SARAHBETTYBOO
1 43888U 18111N   24024.29938466  .00023812  00000-0  13438-2 0  9999
2 43888  97.6734 299.5321 0012422 145.6130 214.5906 15.13081385277919
0 LEMUR 2 SARAHBETTYBOO
1 43888U 18111N   24024.69617583  .00022820  00000-0  12876-2 0  9990
2 43888  97.6734 299.9315 0012455 144.3977 215.8087 15.13096417277979
0 LEMUR 2 SARAHBETTYBOO
1 43888U 18111N   24025.29135527  .00018630  00000-0  10518-2 0  9995
2 43888  97.6735 300.5300 0012602 142.5714 217.6397 15.13116747278060
0 LEMUR 2 SARAHBETTYBOO
1 43888U 18111N   24025.75426739  .00018958  00000-0  10697-2 0  9995
2 43888  97.6735 300.9960 0012645 140.9542 219.2604 15.13133074278133
0 LEMUR 2 SARAHBETTYBOO
1 43888U 18111N   24025.75426745  .00020112  00000-0  11344-2 0  9997
2 43888  97.6735 300.9960 0012649 140.9407 219.2739 15.13134276278131
0 LEMUR 2 SARAHBETTYBOO
1 43888U 18111N   24026.74620368  .00018608  00000-0  10490-2 0  9992
2 43888  97.6730 301.9944 0012746 137.5103 222.7116 15.13169092278280
0 LEMUR 2 SARAHBETTYBOO
1 43888U 18111N   24026.74620394  .00018456  00000-0  10405-2 0  9998
2 43888  97.6731 301.9943 0012755 137.5650 222.6569 15.13168458278283
0 LEMUR 2 SARAHBETTYBOO
1 43888U 18111N   24027.73811699  .00017788  00000-0  10021-2 0  9999
2 43888  97.6726 302.9924 0012827 134.6216 225.6063 15.13203253278435
0 LEMUR 2 DAISY-HARPER
1 43889U 18111P   24022.23738654  .00024309  00000-0  13191-2 0  9997
2 43889  97.6598 297.3234 0010513 148.4304 211.7560 15.14496895277619
0 LEMUR 2 DAISY-HARPER
1 43889U 18111P   24022.69987508  .00026775  00000-0  14510-2 0  9996
2 43889  97.6602 297.7889 0010562 146.8198 213.3698 15.14522198277685
0 LEMUR 2 DAISY-HARPER
1 43889U 18111P   24023.22842277  .00028305  00000-0  15319-2 0  9998
2 43889  97.6603 298.3206 0010733 145.3321 214.8612 15.14555056277768
0 LEMUR 2 DAISY-HARPER
1 43889U 18111P   24023.75696024  .00026457  00000-0  14313-2 0  9992
2 43889  97.6605 298.8530 0010821 143.6385 216.5583 15.14583542277840
0 LEMUR 2 DAISY-HARPER
1 43889U 18111P   24024.28548774  .00029855  00000-0  16124-2 0  9996
2 43889  97.6607 299.3850 0010971 142.1575 218.0429 15.14615205277921
0 LEMUR 2 DAISY-HARPER
1 43889U 18111P   24024.74794150  .00028584  00000-0  15432-2 0  9997
2 43889  97.6605 299.8508 0011064 140.8110 219.3924 15.14637507277998
0 LEMUR 2 DAISY-HARPER
1 43889U 18111P   24025.21038797  .00023331  00000-0  12604-2 0  9991
2 43889  97.6606 300.3162 0011218 140.0234 220.1825 15.14657399278063
0 LEMUR 2 DAISY-HARPER
1 43889U 18111P   24025.73889150  .00027776  00000-0  14979-2 0  9999
2 43889  97.6604 300.8486 0011207 138.3211 221.8876 15.14682218278149
0 LEMUR 2 DAISY-HARPER
1 43889U 18111P   24026.33344682  .00029906  00000-0  16106-2 0  9993
2 43889  97.6602 301.4474 0011291 137.0111 223.2004 15.14711725278234
0 LEMUR 2 DAISY-HARPER
1 43889U 18111P   24026.72981141  .00025125  00000-0  13541-2 0  9992
2 43889  97.6600 301.8467 0011201 135.3673 224.8462 15.14726489278297
0 LEMUR 2 DAISY-HARPER
1 43889U 18111P   24027.72070143  .00025277  00000-0  13604-2 0  9992
2 43889  97.6598 302.8446 0011291 132.6017 227.6168 15.14772517278446
0 LEMUR-2-DAYWZAGOODDAY
1 46501U 20068R   24022.81762733  .00032562  00000-0  12039-2 0  9994
2 46501  97.7809 344.2823 0010589  87.9531 272.2919 15.27592777182544
0 LEMUR-2-DAYWZAGOODDAY
1 46501U 20068R   24023.40715534  .00035694  00000-0  13170-2 0  9993
2 46501  97.7812 344.8974 0010608  86.6275 273.6176 15.27639386182632
0 LEMUR-2-DAYWZAGOODDAY
1 46501U 20068R   24023.86566623  .00034278  00000-0  12639-2 0  9992
2 46501  97.7813 345.3757 0010605  85.5128 274.7322 15.27670463182704
0 LEMUR-2-DAYWZAGOODDAY
1 46501U 20068R   24024.45516555  .00037826  00000-0  13919-2 0  9991
2 46501  97.7814 345.9905 0010568  84.2174 276.0269 15.27715328182795
0 LEMUR-2-DAYWZAGOODDAY
1 46501U 20068R   24024.84815738  .00036049  00000-0  13260-2 0  9994
2 46501  97.7817 346.4003 0010547  82.5508 277.6929 15.27739346182855
0 LEMUR-2-DAYWZAGOODDAY
1 46501U 20068R   24025.43763253  .00031743  00000-0  11674-2 0  9997
2 46501  97.7821 347.0153 0010549  81.2509 278.9924 15.27774245182948
0 LEMUR-2-DAYWZAGOODDAY
1 46501U 20068R   24025.83060846  .00033615  00000-0  12348-2 0  9998
2 46501  97.7823 347.4254 0010564  80.3876 279.8555 15.27799134183002
0 LEMUR-2-DAYWZAGOODDAY
1 46501U 20068R   24026.42005964  .00038761  00000-0  14206-2 0  9996
2 46501  97.7826 348.0406 0010600  79.3888 280.8544 15.27841294183097
0 LEMUR-2-DAYWZAGOODDAY
1 46501U 20068R   24026.81301940  .00031868  00000-0  11689-2 0  9995
2 46501  97.7827 348.4508 0010603  78.4729 281.7699 15.27859889183159
0 LEMUR-2-DAYWZAGOODDAY
1 46501U 20068R   24027.33695488  .00033446  00000-0  12250-2 0  9995
2 46501  97.7829 348.9975 0010584  77.1811 283.0609 15.27896491183235
0 LEMUR-2-DAYWZAGOODDAY
1 46501U 20068R   24027.86088010  .00031329  00000-0  11470-2 0  9991
2 46501  97.7830 349.5444 0010530  75.4964 284.7442 15.27925776183317
0 LEMUR-2-NICHOL
1 46503U 20068T   24022.41798512  .00027949  00000-0  10944-2 0  9992
2 46503  97.7816 342.8933 0010662  94.9988 265.2467 15.25719833182436
0 LEMUR-2-NICHOL
1 46503U 20068T   24022.87707252  .00028869  00000-0  11292-2 0  9992
2 46503  97.7817 343.3707 0010687  93.6588 266.5872 15.25747865182509
0 LEMUR-2-NICHOL
1 46503U 20068T   24023.40173230  .00032201  00000-0  12572-2 0  9992
2 46503  97.7819 343.9164 0010693  92.2729 267.9732 15.25785683182581
0 LEMUR-2-NICHOL
1 46503U 20068T   24023.86080055  .00030220  00000-0  11794-2 0  9998
2 46503  97.7818 344.3941 0010678  90.7762 269.4699 15.25812766182651
0 LEMUR-2-NICHOL
1 46503U 20068T   24024.45101767  .00035023  00000-0  13638-2 0  9993
2 46503  97.7819 345.0081 0010649  89.2916 270.9541 15.25854474182742
0 LEMUR-2-NICHOL
1 46503U 20068T   24024.84448911  .00032023  00000-0  12470-2 0  9991
2 46503  97.7822 345.4175 0010644  87.9422 272.3034 15.25874450182802
0 LEMUR-2-NICHOL
1 46503U 20068T   24025.43468490  .00030153  00000-0  11735-2 0  9996
2 46503  97.7827 346.0316 0010666  86.7436 273.5021 15.25906680182896
0 LEMUR-2-NICHOL
1 46503U 20068T   24025.82814175  .00029670  00000-0  11541-2 0  9991
2 46503  97.7828 346.4411 0010677  85.4535 274.7922 15.25927770182958
0 LEMUR-2-NICHOL
1 46503U 20068T   24026.41831586  .00035955  00000-0  13951-2 0  9992
2 46503  97.7831 347.0553 0010736  84.4957 275.7505 15.25966801183046
0 LEMUR-2-NICHOL
1 46503U 20068T   24026.81175853  .00029987  00000-0  11644-2 0  9999
2 46503  97.7833 347.4650 0010742  83.2193 277.0267 15.25982892183101
0 LEMUR-2-NICHOL
1 46503U 20068T   24027.33633822  .00031021  00000-0  12031-2 0  9995
2 46503  97.7835 348.0106 0010713  82.1893 278.0560 15.26016417183186
0 LEMUR-2-NICHOL
1 46503U 20068T   24027.86090971  .00029791  00000-0  11548-2 0  9998
2 46503  97.7834 348.5568 0010717  80.3643 279.8804 15.26041719183261
0 LEMUR 2 AMANDA-SVANTE
1 48269U 21034B   24022.18706201  .00009366  00000-0  84739-3 0  9992
2 48269  97.6823  90.2987 0001870 314.5066  45.6002 14.95629789148507
0 LEMUR 2 AMANDA-SVANTE
1 48269U 21034B   24022.72228433  .00009786  00000-0  88486-3 0  9997
2 48269  97.6824  90.8240 0001799 312.9011  47.2059 14.95640624148587
0 LEMUR 2 AMANDA-SVANTE
1 48269U 21034B   24023.19059990  .00010595  00000-0  95716-3 0  9993
2 48269  97.6822  91.2830 0001824 312.8347  47.2721 14.95651759148650
0 LEMUR 2 AMANDA-SVANTE
1 48269U 21034B   24023.72581453  .00010163  00000-0  91818-3 0  9996
2 48269  97.6821  91.8076 0001820 312.0995  48.0071 14.95662130148735
0 LEMUR 2 AMANDA-SVANTE
1 48269U 21034B   24024.19412391  .00011185  00000-0  10096-2 0  9995
2 48269  97.6820  92.2667 0001812 310.3977  49.7085 14.95673359148803
0 LEMUR 2 AMANDA-SVANTE
1 48269U 21034B   24024.72933088  .00011138  00000-0  10051-2 0  9994
2 48269  97.6820  92.7915 0001778 308.7516  51.3546 14.95684561148881
0 LEMUR 2 AMANDA-SVANTE
1 48269U 21034B   24025.13073396  .00010153  00000-0  91661-3 0  9990
2 48269  97.6820  93.1852 0001731 306.6999  53.4062 14.95690726148940
0 LEMUR 2 AMANDA-SVANTE
1 48269U 21034B   24025.73283484  .00011380  00000-0  10263-2 0  9998
2 48269  97.6821  93.7757 0001682 303.8199  56.2862 14.95703787149039
0 LEMUR 2 AMANDA-SVANTE
1 48269U 21034B   24026.13423254  .00011731  00000-0  10575-2 0  9990
2 48269  97.6821  94.1693 0001652 301.2440  58.8619 14.95711989149098
0 LEMUR 2 AMANDA-SVANTE
1 48269U 21034B   24026.73632573  .00010208  00000-0  92081-3 0  9993
2 48269  97.6818  94.7591 0001571 297.0062  63.0999 14.95720796149184
0 LEMUR 2 AMANDA-SVANTE
1 48269U 21034B   24027.13771842  .00010284  00000-0  92746-3 0  9993
2 48269  97.6816  95.1524 0001556 295.9894  64.1167 14.95728743149242
0 LEMUR 2 AMANDA-SVANTE
1 48269U 21034B   24027.73980440  .00009859  00000-0  88916-3 0  9995
2 48269  97.6814  95.7430 0001550 297.6917  62.4147 14.95739366149333
0 LEMUR 2 SPECIAL K
1 48273U 21034F   24022.13347549  .00012946  00000-0  11569-2 0  9996
2 48273  97.6827  90.3559 0002197 322.5411  37.5657 14.96027293148518
0 LEMUR 2 SPECIAL K
1 48273U 21034F   24022.73543923  .00013567  00000-0  12116-2 0  9995
2 48273  97.6827  90.9466 0002188 321.2077  38.8987 14.96044171148609
0 LEMUR 2 SPECIAL K
1 48273U 21034F   24023.27051172  .00014618  00000-0  13043-2 0  9993
2 48273  97.6829  91.4720 0002198 320.5640  39.5421 14.96061175148681
0 LEMUR 2 SPECIAL K
1 48273U 21034F   24023.93934480  .00013855  00000-0  12360-2 0  9991
2 48273  97.6829  92.1282 0002096 317.5544  42.5514 14.96079607148785
0 LEMUR 2 SPECIAL K
1 48273U 21034F   24024.13999299  .00013387  00000-0  11943-2 0  9999
2 48273  97.6829  92.3251 0002099 316.3613  43.7442 14.96085264148813
0 LEMUR 2 SPECIAL K
1 48273U 21034F   24024.54128712  .00014690  00000-0  13094-2 0  9995
2 48273  97.6829  92.7189 0002118 314.6937  45.4111 14.96097786148879
0 LEMUR 2 SPECIAL K
1 48273U 21034F   24024.87569704  .00012906  00000-0  11511-2 0  9991
2 48273  97.6829  93.0470 0002079 313.2604  46.8443 14.96104726148920
0 LEMUR 2 SPECIAL K
1 48273U 21034F   24025.14322350  .00012806  00000-0  11420-2 0  9994
2 48273  97.6829  93.3094 0002081 312.1294  47.9750 14.96111959148964
0 LEMUR 2 SPECIAL K
1 48273U 21034F   24025.74515452  .00013583  00000-0  12104-2 0  9990
2 48273  97.6827  93.9001 0002083 309.1105  50.9931 14.96126597149055
0 LEMUR 2 SPECIAL K
1 48273U 21034F   24026.14643822  .00015288  00000-0  13610-2 0  9995
2 48273  97.6827  94.2938 0002115 307.0244  53.0783 14.96138391149116
0 LEMUR 2 SPECIAL K
1 48273U 21034F   24027.08275708  .00012682  00000-0  11297-2 0  9997
2 48273  97.6821  95.2123 0002151 301.6033  58.4978 14.96157968149254
0 LEMUR 2 SPECIAL K
1 48273U 21034F   24027.75154832  .00011646  00000-0  10376-2 0  9991
2 48273  97.6817  95.8684 0002231 297.9874  62.1121 14.96172014149358
0 LEMUR 2 EMBRIONOVIS
1 56970U 23084AQ  24022.25217997  .00013124  00000-0  66752-3 0  9996
2 56970  97.5331 141.6208 0014942 159.4294 200.7543 15.16871092 33820
0 LEMUR 2 EMBRIONOVIS
1 56970U 23084AQ  24022.77991487  .00013487  00000-0  68558-3 0  9994
2 56970  97.5331 142.1454 0014956 157.8502 202.3380 15.16885589 33900
0 LEMUR 2 EMBRIONOVIS
1 56970U 23084AQ  24022.84588078  .00013572  00000-0  68983-3 0  9997
2 56970  97.5331 142.2110 0014929 157.5328 202.6562 15.16888620 33918
0 LEMUR 2 EMBRIONOVIS
1 56970U 23084AQ  24023.24167728  .00015009  00000-0  76205-3 0  9990
2 56970  97.5332 142.6044 0014945 156.2557 203.9369 15.16902303 33977
0 LEMUR 2 EMBRIONOVIS
1 56970U 23084AQ  24023.90133104  .00014247  00000-0  72318-3 0  9998
2 56970  97.5333 143.2601 0015001 154.2089 205.9895 15.16921591 34074
0 LEMUR 2 EMBRIONOVIS
1 56970U 23084AQ  24024.29711939  .00015749  00000-0  79861-3 0  9997
2 56970  97.5334 143.6535 0015004 152.8582 207.3438 15.16935333 34135
0 LEMUR 2 EMBRIONOVIS
1 56970U 23084AQ  24024.89079721  .00013695  00000-0  69483-3 0  9996
2 56970  97.5335 144.2436 0014988 151.2094 208.9969 15.16948380 34226
0 LEMUR 2 EMBRIONOVIS
1 56970U 23084AQ  24025.28657958  .00013046  00000-0  66195-3 0  9991
2 56970  97.5336 144.6370 0015008 149.8608 210.3492 15.16957300 34282
0 LEMUR 2 EMBRIONOVIS
1 56970U 23084AQ  24025.88024848  .00014318  00000-0  72573-3 0  9993
2 56970  97.5338 145.2272 0014995 147.8284 212.3868 15.16972553 34370
0 LEMUR 2 EMBRIONOVIS
1 56970U 23084AQ  24026.27602409  .00015376  00000-0  77870-3 0  9992
2 56970  97.5339 145.6206 0015039 146.4602 213.7586 15.16984037 34430
0 LEMUR 2 EMBRIONOVIS
1 56970U 23084AQ  24026.80372119  .00013352  00000-0  67663-3 0  9994
2 56970  97.5339 146.1449 0015016 144.5079 215.7156 15.16995102 34516
0 LEMUR 2 EMBRIONOVIS
1 56970U 23084AQ  24027.33141284  .00013934  00000-0  70561-3 0  9997
2 56970  97.5342 146.6697 0015022 142.4517 217.7768 15.17010529 34592
0 LEMUR 2 EMBRIONOVIS
1 56970U 23084AQ  24027.85910023  .00012503  00000-0  63340-3 0  9997
2 56970  97.5341 147.1940 0015096 140.7556 219.4774 15.17022143 34673
0 LEMUR 2 NAZIYAH
1 56974U 23084AU  24022.29701282  .00031643  00000-0  13596-2 0  9992
2 56974  97.5204 142.1719 0012320 150.7504 209.4424 15.22543301 33888
0 LEMUR 2 NAZIYAH
1 56974U 23084AU  24022.82277757  .00035214  00000-0  15101-2 0  9998
2 56974  97.5203 142.6981 0012298 148.7030 211.4941 15.22585701 33964
0 LEMUR 2 NAZIYAH
1 56974U 23084AU  24023.28280860  .00042036  00000-0  17982-2 0  9997
2 56974  97.5206 143.1590 0012186 147.0547 213.1451 15.22629312 34031
0 LEMUR 2 NAZIYAH
1 56974U 23084AU  24023.80854465  .00037444  00000-0  16011-2 0  9992
2 56974  97.5208 143.6852 0012240 145.2738 214.9300 15.22670067 34116
0 LEMUR 2 NAZIYAH
1 56974U 23084AU  24024.26855218  .00042779  00000-0  18254-2 0  9998
2 56974  97.5208 144.1456 0012211 143.4998 216.7073 15.22709489 34183
0 LEMUR 2 NAZIYAH
1 56974U 23084AU  24024.79426312  .00038398  00000-0  16381-2 0  9996
2 56974  97.5213 144.6723 0012035 141.1927 219.0175 15.22745417 34261
0 LEMUR 2 NAZIYAH
1 56974U 23084AU  24024.85997590  .00033768  00000-0  14417-2 0  9998
2 56974  97.5209 144.7376 0012191 141.4950 218.7159 15.22746455 34275
0 LEMUR 2 NAZIYAH
1 56974U 23084AU  24025.31996330  .00031701  00000-0  13530-2 0  9991
2 56974  97.5211 145.1983 0012236 139.5295 220.6854 15.22771837 34341
0 LEMUR 2 NAZIYAH
1 56974U 23084AU  24025.77994220  .00032829  00000-0  13997-2 0  9996
2 56974  97.5212 145.6589 0012157 137.7788 222.4387 15.22800118 34412
0 LEMUR 2 NAZIYAH
1 56974U 23084AU  24026.56845819  .00029983  00000-0  12774-2 0  9992
2 56974  97.5214 146.4487 0012285 135.3980 224.8247 15.22843410 34536
0 LEMUR 2 NAZIYAH
1 56974U 23084AU  24026.76558402  .00028066  00000-0  11959-2 0  9998
2 56974  97.5212 146.6459 0012272 134.3618 225.8626 15.22853731 34560
0 LEMUR 2 NAZIYAH
1 56974U 23084AU  24027.29124333  .00034089  00000-0  14492-2 0  9996
2 56974  97.5208 147.1715 0012182 132.6927 227.5338 15.22890088 34644
0 LEMUR 2 NAZIYAH
1 56974U 23084AU  24027.81689234  .00029989  00000-0  12749-2 0  9996
2 56974  97.5208 147.6978 0012131 131.0144 229.2143 15.22918843 34720
0 LEMUR 2 AADAM-ALIYAH
1 56977U 23084AX  24022.29564767  .00034466  00000-0  14792-2 0  9995
2 56977  97.5225 142.2346 0012766 152.4972 207.6943 15.22558010 33882
0 LEMUR 2 AADAM-ALIYAH
1 56977U 23084AX  24022.88712956  .00033910  00000-0  14539-2 0  9997
2 56977  97.5225 142.8266 0012648 150.4564 209.7389 15.22597133 33979
0 LEMUR 2 AADAM-ALIYAH
1 56977U 23084AX  24023.28144143  .00038757  00000-0  16587-2 0  9998
2 56977  97.5226 143.2215 0012579 148.8785 211.3198 15.22628856 34030
0 LEMUR 2 AADAM-ALIYAH
1 56977U 23084AX  24023.87289557  .00034473  00000-0  14749-2 0  9991
2 56977  97.5227 143.8137 0012357 146.7287 213.4728 15.22669023 34121
0 LEMUR 2 AADAM-ALIYAH
1 56977U 23084AX  24024.26718990  .00037355  00000-0  15960-2 0  9991
2 56977  97.5229 144.2087 0012345 145.0084 215.1966 15.22697437 34185
0 LEMUR 2 AADAM-ALIYAH
1 56977U 23084AX  24024.85861764  .00031758  00000-0  13568-2 0  9997
2 56977  97.5231 144.8010 0012446 142.8416 217.3684 15.22734672 34270
0 LEMUR 2 AADAM-ALIYAH
1 56977U 23084AX  24025.31860681  .00031675  00000-0  13521-2 0  9993
2 56977  97.5232 145.2612 0012450 141.1016 219.1119 15.22764166 34349
0 LEMUR 2 AADAM-ALIYAH
1 56977U 23084AX  24025.84429674  .00034278  00000-0  14608-2 0  9993
2 56977  97.5231 145.7880 0012443 138.9855 221.2319 15.22802646 34428
0 LEMUR 2 AADAM-ALIYAH
1 56977U 23084AX  24026.30426457  .00040225  00000-0  17105-2 0  9995
2 56977  97.5232 146.2487 0012482 137.7406 222.4794 15.22838744 34495
0 LEMUR 2 AADAM-ALIYAH
1 56977U 23084AX  24026.56709870  .00032897  00000-0  14002-2 0  9995
2 56977  97.5230 146.5116 0012607 137.1830 223.0390 15.22851897 34537
0 LEMUR 2 AADAM-ALIYAH
1 56977U 23084AX  24026.89563715  .00034746  00000-0  14773-2 0  9997
2 56977  97.5229 146.8404 0012583 136.1946 224.0291 15.22877062 34586
0 LEMUR 2 AADAM-ALIYAH
1 56977U 23084AX  24027.42128911  .00037191  00000-0  15788-2 0  9996
2 56977  97.5227 147.3670 0012537 134.1903 226.0365 15.22914442 34662
0 LEMUR 2 AADAM-ALIYAH
1 56977U 23084AX  24027.88122653  .00031059  00000-0  13192-2 0  9997
2 56977  97.5229 147.8277 0012516 132.5067 227.7229 15.22936737 34738
0 LEMUR 2 MANO
1 57390U 23100E   24022.02957288  .00010573  00000-0  81561-3 0  9991
2 57390  99.4870 192.9600 0014328  45.8687 314.3708 15.01765375 28170
0 LEMUR 2 MANO
1 57390U 23100E   24022.42933769  .00010638  00000-0  82038-3 0  9995
2 57390  99.4870 193.4482 0014333  44.4802 315.7565 15.01774627 28237
0 LEMUR 2 MANO
1 57390U 23100E   24023.02898040  .00010896  00000-0  83976-3 0  9992
2 57390  99.4871 194.1804 0014346  42.3932 317.8393 15.01788296 28328
0 LEMUR 2 MANO
1 57390U 23100E   24023.42873866  .00012423  00000-0  95606-3 0  9996
2 57390  99.4873 194.6686 0014355  41.0463 319.1833 15.01800016 28383
0 LEMUR 2 MANO
1 57390U 23100E   24024.02837180  .00011422  00000-0  87936-3 0  9997
2 57390  99.4873 195.4008 0014333  38.9681 321.2567 15.01812793 28476
0 LEMUR 2 MANO
1 57390U 23100E   24024.42812408  .00012680  00000-0  97504-3 0  9996
2 57390  99.4874 195.8890 0014381  37.5587 322.6633 15.01823846 28530
0 LEMUR 2 MANO
1 57390U 23100E   24025.42749559  .00010213  00000-0  78654-3 0  9998
2 57390  99.4879 197.1094 0014307  34.7133 325.5016 15.01841772 28681
0 LEMUR 2 MANO
1 57390U 23100E   24026.42685312  .00012792  00000-0  98250-3 0  9993
2 57390  99.4884 198.3299 0014328  31.5248 328.6826 15.01865451 28832
0 LEMUR 2 MANO
1 57390U 23100E   24027.02646111  .00010965  00000-0  84313-3 0  9999
2 57390  99.4888 199.0622 0014349  29.5706 330.6321 15.01875936 28925
0 LEMUR 2 MANO
1 57390U 23100E   24027.42619684  .00011603  00000-0  89146-3 0  9997
2 57390  99.4890 199.5506 0014364  28.3092 331.8904 15.01885359 28982
0 LEMUR 2 DEVERILL-M-T
1 57391U 23100F   24022.91957953  .00010372  00000-0  79444-3 0  9993
2 57391  99.4691 193.9501 0014209  46.3862 313.8533 15.02043260 28311
0 LEMUR 2 DEVERILL-M-T
1 57391U 23100F   24023.05280974  .00010747  00000-0  82281-3 0  9990
2 57391  99.4692 194.1127 0014197  45.8542 314.3842 15.02047183 28333
0 LEMUR 2 DEVERILL-M-T
1 57391U 23100F   24023.45249929  .00011954  00000-0  91410-3 0  9994
2 57391  99.4692 194.6000 0014160  44.6421 315.5935 15.02058517 28396
0 LEMUR 2 DEVERILL-M-T
1 57391U 23100F   24024.45171244  .00012606  00000-0  96289-3 0  9993
2 57391  99.4690 195.8187 0014140  41.2539 318.9745 15.02083387 28540
0 LEMUR 2 DEVERILL-M-T
1 57391U 23100F   24025.45091182  .00010316  00000-0  78905-3 0  9997
2 57391  99.4691 197.0375 0014068  37.9038 322.3168 15.02101562 28699
0 LEMUR 2 DEVERILL-M-T
1 57391U 23100F   24025.91720059  .00011465  00000-0  87583-3 0  9998
2 57391  99.4690 197.6059 0014021  36.3726 323.8443 15.02111213 28763
0 LEMUR 2 DEVERILL-M-T
1 57391U 23100F   24026.45009820  .00012201  00000-0  93127-3 0  9994
2 57391  99.4690 198.2556 0013992  34.6106 325.6021 15.02122971 28845
0 LEMUR 2 DEVERILL-M-T
1 57391U 23100F   24027.04960396  .00010303  00000-0  78745-3 0  9994
2 57391  99.4689 198.9862 0013953  32.4310 327.7763 15.02132097 28936
0 LEMUR 2 DEVERILL-M-T
1 57391U 23100F   24027.44927187  .00010468  00000-0  79982-3 0  9995
2 57391  99.4690 199.4736 0013916  31.2159 328.9884 15.02140248 28991
0 LEMUR 2 DEVERILL-M-T
1 57391U 23100F   24027.91554869  .00009996  00000-0  76391-3 0  9995
2 57391  99.4689 200.0421 0013880  29.5922 330.6080 15.02148138 29060
0 LEMUR 2 BASS
1 58259U 23174D   24022.21133939  .00010148  00000-0  55256-3 0  9997
2 58259  97.4713  98.8318 0013309  42.7206 317.5058 15.14545500 11412
0 LEMUR 2 BASS
1 58259U 23174D   24022.73988370  .00010289  00000-0  55998-3 0  9990
2 58259  97.4712  99.3511 0013325  41.2175 319.0060 15.14556797 11497
0 LEMUR 2 BASS
1 58259U 23174D   24023.20235610  .00011020  00000-0  59929-3 0  9997
2 58259  97.4713  99.8052 0013274  39.9085 320.3120 15.14568197 11567
0 LEMUR 2 BASS
1 58259U 23174D   24023.66482603  .00011042  00000-0  60030-3 0  9992
2 58259  97.4708 100.2590 0013329  38.1346 322.0826 15.14577773 11637
0 LEMUR 2 BASS
1 58259U 23174D   24023.73089260  .00010618  00000-0  57739-3 0  9992
2 58259  97.4709 100.3240 0013304  38.0309 322.1859 15.14579193 11648
0 LEMUR 2 BASS
1 58259U 23174D   24024.19335837  .00011253  00000-0  61147-3 0  9991
2 58259  97.4707 100.7782 0013287  36.3937 323.8196 15.14590658 11718
0 LEMUR 2 BASS
1 58259U 23174D   24024.72188719  .00010726  00000-0  58289-3 0  9992
2 58259  97.4703 101.2971 0013243  34.3468 325.8618 15.14600991 11790
0 LEMUR 2 BASS
1 58259U 23174D   24025.18434710  .00008708  00000-0  47390-3 0  9996
2 58259  97.4701 101.7512 0013188  32.7355 327.4692 15.14607910 11865
0 LEMUR 2 BASS
1 58259U 23174D   24025.71287006  .00010106  00000-0  54919-3 0  9999
2 58259  97.4698 102.2702 0013179  30.6352 329.5647 15.14618270 11944
0 LEMUR 2 BASS
1 58259U 23174D   24026.17532465  .00011710  00000-0  63546-3 0  9990
2 58259  97.4696 102.7244 0013106  29.0284 331.1674 15.14628279 12012
0 LEMUR 2 BASS
1 58259U 23174D   24027.16628995  .00010666  00000-0  57898-3 0  9996
2 58259  97.4695 103.6974 0012973  25.9485 334.2395 15.14645955 12160
0 LEMUR 2 BASS
1 58259U 23174D   24027.76086350  .00010615  00000-0  57605-3 0  9995
2 58259  97.4695 104.2814 0012934  23.8126 336.3701 15.14656949 12255
0 LEMUR 2 DILIGHTFUL
1 58260U 23174E   24022.19210989  .00017116  00000-0  90523-3 0  9995
2 58260  97.4774  98.9182 0012464  41.5124 318.7052 15.15462553 11412
0 LEMUR 2 DILIGHTFUL
1 58260U 23174E   24022.72033319  .00017402  00000-0  91975-3 0  9994
2 58260  97.4772  99.4381 0012437  39.6719 320.5420 15.15481195 11496
0 LEMUR 2 DILIGHTFUL
1 58260U 23174E   24022.91841474  .00017146  00000-0  90615-3 0  9999
2 58260  97.4771  99.6330 0012413  38.9220 321.2904 15.15488370 11525
0 LEMUR 2 DILIGHTFUL
1 58260U 23174E   24023.11649581  .00016698  00000-0  88247-3 0  9996
2 58260  97.4771  99.8280 0012381  38.2054 322.0053 15.15495009 11557
0 LEMUR 2 DILIGHTFUL
1 58260U 23174E   24023.79856295  .00016340  00000-0  86293-3 0  9995
2 58260  97.4752 100.5001 0013194  35.5514  83.5200 15.15515980 11656
0 LEMUR 2 DILIGHTFUL
1 58260U 23174E   24023.90880868  .00018646  00000-0  98385-3 0  9997
2 58260  97.4769 100.6077 0012304  35.4179 324.7868 15.15527667 11673
0 LEMUR 2 DILIGHTFUL
1 58260U 23174E   24024.17290959  .00018370  00000-0  96911-3 0  9990
2 58260  97.4769 100.8677 0012286  34.4155 325.7871 15.15537849 11716
0 LEMUR 2 DILIGHTFUL
1 58260U 23174E   24024.89917879  .00018137  00000-0  95618-3 0  9990
2 58260  97.4768 101.5824 0012237  31.5701 328.6263 15.15563686 11825
0 LEMUR 2 DILIGHTFUL
1 58260U 23174E   24025.09725005  .00018567  00000-0  97852-3 0  9990
2 58260  97.4767 101.7773 0012214  31.0151 329.1800 15.15571446 11857
0 LEMUR 2 DILIGHTFUL
1 58260U 23174E   24025.75748222  .00018525  00000-0  97575-3 0  9995
2 58260  97.4766 102.4273 0012182  29.0393 331.1515 15.15593159 11950
0 LEMUR 2 DILIGHTFUL
1 58260U 23174E   24026.35168201  .00020568  00000-0  10820-2 0  9992
2 58260  97.4765 103.0120 0012148  27.0288 333.1575 15.15615571 12042
0 LEMUR 2 DILIGHTFUL
1 58260U 23174E   24027.14393654  .00018148  00000-0  95475-3 0  9993
2 58260  97.4762 103.7916 0012095  24.9738 335.2077 15.15640736 12160
0 LEMUR 2 DILIGHTFUL
1 58260U 23174E   24027.73811987  .00015834  00000-0  83335-3 0  9993
2 58260  97.4759 104.3766 0012059  23.1229 337.0543 15.15655716 12254
0 LEMUR 2 GOOD-VIBES
1 58263U 23174H   24022.12977781  .00020555  00000-0  10912-2 0  9995
2 58263  97.4719  98.7984 0012127  44.4158 315.8045 15.15293611 11403
0 LEMUR 2 GOOD-VIBES
1 58263U 23174H   24022.19581320  .00019994  00000-0  10615-2 0  9997
2 58263  97.4718  98.8633 0012126  44.1687 316.0511 15.15296730 11414
0 LEMUR 2 GOOD-VIBES
1 58263U 23174H   24022.92219613  .00020459  00000-0  10851-2 0  9991
2 58263  97.4717  99.5776 0012041  41.8846 318.3306 15.15327961 11526
0 LEMUR 2 GOOD-VIBES
1 58263U 23174H   24023.18633132  .00023095  00000-0  12235-2 0  9993
2 58263  97.4716  99.8374 0012034  40.8113 319.4019 15.15342676 11567
0 LEMUR 2 GOOD-VIBES
1 58263U 23174H   24023.91269234  .00021274  00000-0  11266-2 0  9992
2 58263  97.4713 100.5514 0011947  38.3758 321.8322 15.15374390 11673
0 LEMUR 2 GOOD-VIBES
1 58263U 23174H   24024.17681983  .00021544  00000-0  11404-2 0  9994
2 58263  97.4713 100.8114 0011936  37.2361 322.9697 15.15386666 11719
0 LEMUR 2 GOOD-VIBES
1 58263U 23174H   24024.77109948  .00024022  00000-0  12698-2 0  9996
2 58263  97.4711 101.3955 0011869  35.1162 325.0850 15.15413770 11809
0 LEMUR 2 GOOD-VIBES
1 58263U 23174H   24024.90316022  .00021548  00000-0  11397-2 0  9999
2 58263  97.4711 101.5254 0011872  34.7149 325.4856 15.15417073 11829
0 LEMUR 2 GOOD-VIBES
1 58263U 23174H   24025.49742859  .00021686  00000-0  11462-2 0  9991
2 58263  97.4711 102.1096 0011806  32.9051 327.2914 15.15440404 11918
0 LEMUR 2 GOOD-VIBES
1 58263U 23174H   24025.82757441  .00025625  00000-0  13525-2 0  9990
2 58263  97.4710 102.4343 0011809  31.9120 328.2825 15.15454523 11968
0 LEMUR 2 GOOD-VIBES
1 58263U 23174H   24025.89360301  .00024843  00000-0  13114-2 0  9997
2 58263  97.4710 102.4993 0011823  31.7249 328.4694 15.15456517 11977
0 LEMUR 2 GOOD-VIBES
1 58263U 23174H   24026.15771617  .00025029  00000-0  13206-2 0  9992
2 58263  97.4710 102.7589 0011823  30.7601 329.4322 15.15471484 12017
0 LEMUR 2 GOOD-VIBES
1 58263U 23174H   24026.68593759  .00020793  00000-0  10978-2 0  9995
2 58263  97.4708 103.2783 0011813  29.0995 331.0893 15.15488079 12090
0 LEMUR 2 GOOD-VIBES
1 58263U 23174H   24027.74235930  .00019938  00000-0  10517-2 0  9995
2 58263  97.4705 104.3170 0011776  26.0544 334.1279 15.15528876 12254
0 LEMUR 2 SANITA-VETRA
1 58267U 23174M   24022.18480349  .00018164  00000-0  95508-3 0  9992
2 58267  97.4705  98.8592 0011478  42.9842 317.2285 15.15664983 11416
0 LEMUR 2 SANITA-VETRA
1 58267U 23174M   24022.91101150  .00018228  00000-0  95774-3 0  9999
2 58267  97.4703  99.5735 0011395  40.3624 319.8452 15.15691762 11520
0 LEMUR 2 SANITA-VETRA
1 58267U 23174M   24023.17508346  .00019111  00000-0  10035-2 0  9994
2 58267  97.4702  99.8333 0011353  39.4982 320.7076 15.15703597 11563
0 LEMUR 2 SANITA-VETRA
1 58267U 23174M   24023.90127184  .00020284  00000-0  10638-2 0  9994
2 58267  97.4701 100.5476 0011281  36.7816 323.4189 15.15734176 11670
0 LEMUR 2 SANITA-VETRA
1 58267U 23174M   24023.96728826  .00020059  00000-0  10520-2 0  9990
2 58267  97.4701 100.6127 0011272  36.5501 323.6498 15.15736466 11683
0 LEMUR 2 SANITA-VETRA
1 58267U 23174M   24024.82549125  .00021516  00000-0  11268-2 0  9998
2 58267  97.4702 101.4569 0011242  33.7455 326.4491 15.15773397 11810
0 LEMUR 2 SANITA-VETRA
1 58267U 23174M   24024.89150609  .00019584  00000-0  10262-2 0  9995
2 58267  97.4702 101.5218 0011237  33.5888 326.6054 15.15773789 11827
0 LEMUR 2 SANITA-VETRA
1 58267U 23174M   24025.48563546  .00018855  00000-0  98764-3 0  9993
2 58267  97.4699 102.1059 0011259  31.5451 328.6455 15.15794874 11915
0 LEMUR 2 SANITA-VETRA
1 58267U 23174M   24025.88171741  .00019779  00000-0  10353-2 0  9992
2 58267  97.4699 102.4955 0011241  30.2947 329.8933 15.15809643 11971
0 LEMUR 2 SANITA-VETRA
1 58267U 23174M   24026.14576975  .00021951  00000-0  11479-2 0  9995
2 58267  97.4697 102.7550 0011213  29.6943 330.4924 15.15821601 12012
0 LEMUR 2 SANITA-VETRA
1 58267U 23174M   24026.21178240  .00020841  00000-0  10901-2 0  9992
2 58267  97.4698 102.8201 0011232  29.3431 330.8430 15.15823061 12026
0 LEMUR 2 SANITA-VETRA
1 58267U 23174M   24027.13595198  .00017522  00000-0  91674-3 0  9998
2 58267  97.4694 103.7291 0011190  26.7122 333.4685 15.15851570 12164
0 LEMUR 2 SANITA-VETRA
1 58267U 23174M   24027.20196329  .00017471  00000-0  91407-3 0  9996
2 58267  97.4693 103.7938 0011164  26.5066 333.6735 15.15853829 12175
0 LEMUR 2 SANITA-VETRA
1 58267U 23174M   24027.73005205  .00016263  00000-0  85090-3 0  9995
2 58267  97.4690 104.3132 0011115  24.7322 335.4441 15.15868198 12254
0 LEMUR 2 MARAPAMASM
1 58332U 23174CE  24022.15877806  .00025201  00000-0  12387-2 0  9993
2 58332  97.4697  99.0354 0010165   4.9605 355.1728 15.17978527 11423
0 LEMUR 2 MARAPAMASM
1 58332U 23174CE  24022.81796072  .00025489  00000-0  12516-2 0  9993
2 58332  97.4698  99.6860 0010093   3.0912 357.0382 15.18011497 11526
0 LEMUR 2 MARAPAMASM
1 58332U 23174CE  24023.21346158  .00028064  00000-0  13762-2 0  9990
2 58332  97.4698 100.0764 0010110   1.6699 358.4567 15.18037200 11588
0 LEMUR 2 MARAPAMASM
1 58332U 23174CE  24023.93853361  .00025025  00000-0  12268-2 0  9992
2 58332  97.4696 100.7921 0010019 359.5779   0.5445 15.18073635 11694
0 LEMUR 2 MARAPAMASM
1 58332U 23174CE  24024.13627748  .00024934  00000-0  12220-2 0  9999
2 58332  97.4696 100.9874 0010026 358.9109   1.2102 15.18083925 11726
0 LEMUR 2 MARAPAMASM
1 58332U 23174CE  24024.20219171  .00028653  00000-0  14028-2 0  9994
2 58332  97.4695 101.0524 0010024 358.6734   1.4472 15.18090382 11736
0 LEMUR 2 MARAPAMASM
1 58332U 23174CE  24024.92723942  .00024187  00000-0  11843-2 0  9999
2 58332  97.4692 101.7679 0009951 356.1163   3.9992 15.18123165 11849
0 LEMUR 2 MARAPAMASM
1 58332U 23174CE  24025.45453731  .00023244  00000-0  11377-2 0  9999
2 58332  97.4690 102.2884 0009875 353.9738   6.1375 15.18145500 11925
0 LEMUR 2 MARAPAMASM
1 58332U 23174CE  24025.52044937  .00022413  00000-0  10972-2 0  9998
2 58332  97.4689 102.3534 0009852 353.7837   6.3273 15.18146848 11935
0 LEMUR 2 MARAPAMASM
1 58332U 23174CE  24025.91591701  .00028330  00000-0  13841-2 0  9999
2 58332  97.4687 102.7439 0009836 352.2000   7.9079 15.18167248 11993
0 LEMUR 2 MARAPAMASM
1 58332U 23174CE  24026.37728919  .00030151  00000-0  14715-2 0  9998
2 58332  97.4685 103.1992 0009856 350.0917  10.0121 15.18191044 12068
0 LEMUR 2 MARAPAMASM
1 58332U 23174CE  24026.77274709  .00024106  00000-0  11777-2 0  9993
2 58332  97.4684 103.5896 0009815 348.6109  11.4902 15.18203606 12122
0 LEMUR 2 MARAPAMASM
1 58332U 23174CE  24027.16819982  .00025398  00000-0  12397-2 0  9998
2 58332  97.4682 103.9801 0009839 347.1558  12.9424 15.18222572 12182
0 LEMUR 2 MARAPAMASM
1 58332U 23174CE  24027.76137007  .00024278  00000-0  11845-2 0  9998
2 58332  97.4680 104.5653 0009771 344.9916  15.1026 15.18249721 12278
0 LEMUR 2 THE-CLEANER
1 58333U 23174CF  24022.17201087  .00018524  00000-0  92880-3 0  9995
2 58333  97.4706  99.0271 0009985   3.5517 356.5785 15.17349921 11426
0 LEMUR 2 THE-CLEANER
1 58333U 23174CF  24022.76552272  .00019399  00000-0  97176-3 0  9999
2 58333  97.4705  99.6126 0009947   1.3580 358.7679 15.17373080 11513
0 LEMUR 2 THE-CLEANER
1 58333U 23174CF  24023.16119168  .00019270  00000-0  96489-3 0  9991
2 58333  97.4705 100.0027 0009950 359.7702   0.3525 15.17389072 11574
0 LEMUR 2 THE-CLEANER
1 58333U 23174CF  24023.75468673  .00020208  00000-0  10108-2 0  9990
2 58333  97.4704 100.5879 0009907 358.1478   1.9717 15.17415703 11669
0 LEMUR 2 THE-CLEANER
1 58333U 23174CF  24024.15034475  .00019788  00000-0  98949-3 0  9995
2 58333  97.4703 100.9785 0009798 356.8768   3.2403 15.17432118 11726
0 LEMUR 2 THE-CLEANER
1 58333U 23174CF  24024.21628709  .00021994  00000-0  10989-2 0  9990
2 58333  97.4705 101.0431 0009825 356.6134   3.5031 15.17437800 11738
0 LEMUR 2 THE-CLEANER
1 58333U 23174CF  24024.74382405  .00020477  00000-0  10230-2 0  9992
2 58333  97.4703 101.5633 0009823 354.8636   5.2495 15.17457246 11818
0 LEMUR 2 THE-CLEANER
1 58333U 23174CF  24025.20541340  .00017641  00000-0  88173-3 0  9990
2 58333  97.4702 102.0183 0009855 353.3440   6.7661 15.17471707 11881
0 LEMUR 2 THE-CLEANER
1 58333U 23174CF  24025.73293858  .00019417  00000-0  96940-3 0  9990
2 58333  97.4700 102.5385 0009784 351.5729   8.5339 15.17491395 11965
0 LEMUR 2 THE-CLEANER
1 58333U 23174CF  24026.19451749  .00020213  00000-0  10084-2 0  9996
2 58333  97.4697 102.9935 0009751 350.0895  10.0145 15.17508681 12036
0 LEMUR 2 THE-CLEANER
1 58333U 23174CF  24026.78796972  .00017438  00000-0  87035-3 0  9997
2 58333  97.4693 103.5786 0009737 347.8514  12.2483 15.17524979 12126
0 LEMUR 2 THE-CLEANER
1 58333U 23174CF  24027.18359972  .00017659  00000-0  88095-3 0  9999
2 58333  97.4690 103.9688 0009748 346.3848  13.7121 15.17539424 12186
0 LEMUR 2 THE-CLEANER
1 58333U 23174CF  24027.71110281  .00016123  00000-0  80446-3 0  9993
2 58333  97.4689 104.4891 0009722 344.0363  16.0563 15.17552833 12269
0 LEMUR 2 JK0903EM1407
1 58336U 23174CJ  24022.12478146  .00010405  00000-0  53752-3 0  9990
2 58336  97.4705  98.9384 0009951   7.4725 352.6654 15.16435894 11413
0 LEMUR 2 JK0903EM1407
1 58336U 23174CJ  24022.19076721  .00010454  00000-0  54003-3 0  9994
2 58336  97.4705  99.0034 0009953   7.2645 352.8730 15.16437837 11425
0 LEMUR 2 JK0903EM1407
1 58336U 23174CJ  24023.18054811  .00010495  00000-0  54179-3 0  9999
2 58336  97.4702  99.9782 0009902   3.3822 356.7476 15.16459933 11576
0 LEMUR 2 JK0903EM1407
1 58336U 23174CJ  24023.77440916  .00011528  00000-0  59443-3 0  9996
2 58336  97.4701 100.5631 0009870   1.0733 359.0519 15.16474891 11661
0 LEMUR 2 JK0903EM1407
1 58336U 23174CJ  24024.50023225  .00013189  00000-0  67909-3 0  9999
2 58336  97.4700 101.2780 0009819 358.2605   1.8592 15.16493200 11771
0 LEMUR 2 JK0903EM1407
1 58336U 23174CJ  24024.76416598  .00012710  00000-0  65451-3 0  9995
2 58336  97.4699 101.5379 0009803 357.2976   2.8203 15.16499053 11815
0 LEMUR 2 JK0903EM1407
1 58336U 23174CJ  24025.16006471  .00011732  00000-0  60434-3 0  9994
2 58336  97.4699 101.9277 0009768 356.0420   4.0734 15.16507031 11872
0 LEMUR 2 JK0903EM1407
1 58336U 23174CJ  24025.75390892  .00012161  00000-0  62606-3 0  9992
2 58336  97.4697 102.5123 0009724 354.2330   5.8790 15.16520152 11969
0 LEMUR 2 JK0903EM1407
1 58336U 23174CJ  24026.21578375  .00012746  00000-0  65573-3 0  9993
2 58336  97.4697 102.9670 0009721 352.7199   7.3892 15.16531379 12035
0 LEMUR 2 JK0903EM1407
1 58336U 23174CJ  24027.13952483  .00011302  00000-0  58168-3 0  9990
2 58336  97.4694 103.8762 0009652 349.5703  10.5328 15.16549771 12172
0 LEMUR 2 JK0903EM1407
1 58336U 23174CJ  24027.20550595  .00011089  00000-0  57078-3 0  9997
2 58336  97.4694 103.9413 0009615 349.3509  10.7519 15.16550830 12180
0 LEMUR 2 JK0903EM1407
1 58336U 23174CJ  24027.73335244  .00010564  00000-0  54379-3 0  9995
2 58336  97.4691 104.4608 0009525 347.6532  12.4466 15.16560958 12267
0 LEMUR 2 MJR092620
1 58340U 23174CN  24022.18390168  .00010545  00000-0  54218-3 0  9991
2 58340  97.4762  99.0677 0011209   3.5943 356.5368 15.16589101 11423
0 LEMUR 2 MJR092620
1 58340U 23174CN  24023.17358368  .00010911  00000-0  56052-3 0  9992
2 58340  97.4761 100.0434 0011152 359.8805   0.2423 15.16611469 11571
0 LEMUR 2 MJR092620
1 58340U 23174CN  24023.76738515  .00012256  00000-0  62878-3 0  9990
2 58340  97.4761 100.6290 0011159 357.6647   2.4532 15.16627430 11664
0 LEMUR 2 MJR092620
1 58340U 23174CN  24024.75704181  .00012845  00000-0  65829-3 0  9995
2 58340  97.4760 101.6044 0011095 354.2974   5.8131 15.16652578 11816
0 LEMUR 2 MJR092620
1 58340U 23174CN  24025.15290003  .00011863  00000-0  60818-3 0  9995
2 58340  97.4759 101.9947 0010935 353.0795   7.0285 15.16661149 11873
0 LEMUR 2 MJR092620
1 58340U 23174CN  24025.74668388  .00012043  00000-0  61716-3 0  9994
2 58340  97.4757 102.5800 0010913 351.1225   8.9814 15.16674033 11963
0 LEMUR 2 MJR092620
1 58340U 23174CN  24026.34046233  .00012708  00000-0  65070-3 0  9995
2 58340  97.4756 103.1649 0010944 349.3061  10.7937 15.16687697 12059
0 LEMUR 2 MJR092620
1 58340U 23174CN  24027.19813375  .00011206  00000-0  57406-3 0  9994
2 58340  97.4752 104.0102 0010860 346.4549  13.6391 15.16704782 12180
0 LEMUR 2 MJR092620
1 58340U 23174CN  24027.72592688  .00010460  00000-0  53597-3 0  9992
2 58340  97.4749 104.5304 0010886 344.3979  15.6917 15.16714301 12260
