0 LEMUR 2 ANDIS
1 42838U 17042P   24001.52850193  .00006272  00000-0  50432-3 0  9993
2 42838  97.3699 198.3866 0012281 252.9564 107.0315 15.00274501352471
0 LEMUR 2 ANDIS
1 42838U 17042P   24002.52894326  .00007096  00000-0  56972-3 0  9990
2 42838  97.3697 199.3346 0012329 248.8527 111.1380 15.00289047352625
0 LEMUR 2 MONSON
1 42839U 17042Q   24001.06653117  .00005072  00000-0  41513-3 0  9997
2 42839  97.3747 197.5921 0010803 258.4083 101.5928 14.99690923352368
0 LEMUR 2 MONSON
1 42839U 17042Q   24001.53358647  .00005448  00000-0  44546-3 0  9995
2 42839  97.3747 198.0348 0010803 256.2665 103.7357 14.99696792352437
0 LEMUR 2 MONSON
1 42839U 17042Q   24002.06736169  .00006092  00000-0  49745-3 0  9995
2 42839  97.3747 198.5405 0010771 254.3697 105.6338 14.99704180352514
0 LEMUR 2 MONSON
1 42839U 17042Q   24002.53441330  .00006066  00000-0  49528-3 0  9990
2 42839  97.3748 198.9830 0010740 252.4792 107.5259 14.99709640352588
0 LEMUR 2 FURIAUS
1 42840U 17042R   24001.50404982  .00006049  00000-0  49204-3 0  9992
2 42840  97.3820 198.4225 0008754 271.9258  88.0964 14.99872792352427
0 LEMUR 2 FURIAUS
1 42840U 17042R   24002.50475738  .00007744  00000-0  62826-3 0  9998
2 42840  97.3821 199.3717 0008776 268.1158  91.9061 14.99889164352573
0 LEMUR 2 PETERG
1 42841U 17042S   24001.48193416  .00006995  00000-0  57006-3 0  9996
2 42841  97.3774 199.7336 0009252 251.1501 108.8720 14.99742314352492
0 LEMUR 2 PETERG
1 42841U 17042S   24002.08241224  .00008035  00000-0  65390-3 0  9996
2 42841  97.3776 200.3029 0009181 248.9011 111.1232 14.99753388352581
0 LEMUR 2 PETERG
1 42841U 17042S   24002.54944812  .00007996  00000-0  65061-3 0  9990
2 42841  97.3779 200.7457 0009133 247.0157 113.0104 14.99760767352657
0 LEMUR 2 DEMBITZ
1 42842U 17042T   24001.07023114  .00005611  00000-0  45436-3 0  9997
2 42842  97.3731 199.3027 0011286 251.9730 108.0265 15.00052628352458
0 LEMUR 2 DEMBITZ
1 42842U 17042T   24002.07082045  .00006609  00000-0  53415-3 0  9990
2 42842  97.3732 200.2511 0011221 248.6055 111.3973 15.00067013352605
0 LEMUR 2 DEMBITZ
1 42842U 17042T   24002.53775907  .00006735  00000-0  54416-3 0  9999
2 42842  97.3733 200.6937 0011191 246.7074 113.2973 15.00073401352674
0 LEMUR 2 ZACHARY
1 42845U 17042W   24001.52365395  .00006531  00000-0  49092-3 0  9994
2 42845  97.3816 199.4656 0007426 295.6763  64.3695 15.02871811352643
0 LEMUR 2 ZACHARY
1 42845U 17042W   24002.12288240  .00007356  00000-0  55216-3 0  9995
2 42845  97.3815 200.0367 0007431 293.0099  67.0343 15.02881400352735
0 LEMUR 2 ZACHARY
1 42845U 17042W   24002.52236592  .00008193  00000-0  61431-3 0  9998
2 42845  97.3814 200.4175 0007448 291.3070  68.7360 15.02888612352798
0 LEMUR 2 JIN-LUEN
1 43182U 18014C   24001.29267142  .00007694  00000-0  50587-3 0  9996
2 43182  97.6017 265.8907 0012596 200.9405 159.1308 15.07802276323418
0 LEMUR 2 JIN-LUEN
1 43182U 18014C   24001.69085140  .00008666  00000-0  56902-3 0  9993
2 43182  97.6016 266.2845 0012622 199.6403 160.4340 15.07810282323478
0 LEMUR 2 JIN-LUEN
1 43182U 18014C   24002.61993094  .00009384  00000-0  61546-3 0  9990
2 43182  97.6016 267.2038 0012723 196.5621 163.5193 15.07827339323610
0 LEMUR 2 JIN-LUEN
1 43182U 18014C   24002.68629330  .00009599  00000-0  62940-3 0  9993
2 43182  97.6017 267.2694 0012722 196.3460 163.7360 15.07829015323629
0 LEMUR 2 URAMCHANSOL
1 43183U 18014D   24001.20980780  .00009258  00000-0  57469-3 0  9992
2 43183  97.6019 266.6897 0012801 189.8642 170.2338 15.09852317323459
0 LEMUR 2 URAMCHANSOL
1 43183U 18014D   24001.67372099  .00009921  00000-0  61537-3 0  9999
2 43183  97.6020 267.1504 0012878 187.9705 172.1321 15.09862089323523
0 LEMUR 2 URAMCHANSOL
1 43183U 18014D   24002.20390384  .00011438  00000-0  70842-3 0  9991
2 43183  97.6017 267.6760 0012900 185.8458 174.2622 15.09874583323604
0 LEMUR 2 URAMCHANSOL
1 43183U 18014D   24002.66781027  .00010503  00000-0  65073-3 0  9991
2 43183  97.6016 268.1364 0012945 184.0559 176.0567 15.09883896323673
0 LEMUR 2 KADI
1 43184U 18014E   24001.26890124  .00007775  00000-0  50157-3 0  9990
2 43184  97.5880 265.5081 0011718 175.3244 184.8096 15.08505249323418
0 LEMUR 2 KADI
1 43184U 18014E   24001.73322855  .00008306  00000-0  53541-3 0  9994
2 43184  97.5881 265.9668 0011780 173.5422 186.5960 15.08513613323481
0 LEMUR 2 KADI
1 43184U 18014E   24002.19755326  .00009243  00000-0  59511-3 0  9992
2 43184  97.5880 266.4257 0011822 171.7649 188.3775 15.08523052323558
0 LEMUR 2 KADI
1 43184U 18014E   24002.66187565  .00008533  00000-0  54962-3 0  9994
2 43184  97.5884 266.8844 0011965 170.1414 190.0052 15.08529560323625
0 LEMUR 2 THENICKMOLO
1 43185U 18014F   24001.28071383  .00010431  00000-0  66122-3 0  9993
2 43185  97.5956 266.1467 0007865 176.5204 183.6081 15.09091590323438
0 LEMUR 2 THENICKMOLO
1 43185U 18014F   24001.61224746  .00011042  00000-0  69952-3 0  9996
2 43185  97.5955 266.4751 0007919 175.1403 184.9904 15.09099171323488
0 LEMUR 2 THENICKMOLO
1 43185U 18014F   24001.67855394  .00011061  00000-0  70071-3 0  9996
2 43185  97.5956 266.5406 0007927 174.8706 185.2605 15.09100823323498
0 LEMUR 2 THENICKMOLO
1 43185U 18014F   24002.27530906  .00012905  00000-0  81626-3 0  9998
2 43185  97.5957 267.1313 0008018 172.4224 187.7127 15.09116806323588
0 LEMUR 2 THENICKMOLO
1 43185U 18014F   24002.67314292  .00011581  00000-0  73289-3 0  9995
2 43185  97.5958 267.5252 0008066 170.7425 189.3954 15.09124709323646
0 LEMUR 2 CHRISTINAHOLT
1 43882U 18111G   24001.72924684  .00014400  00000-0  84650-3 0  9991
2 43882  97.6431 273.7129 0008524 170.3979 189.7415 15.11757056274425
0 LEMUR 2 CHRISTINAHOLT
1 43882U 18111G   24002.25876375  .00017184  00000-0  10085-2 0  9995
2 43882  97.6428 274.2423 0008490 169.0038 191.1379 15.11776121274506
0 LEMUR 2 CHRISTINAHOLT
1 43882U 18111G   24002.72208667  .00015459  00000-0  90757-3 0  9998
2 43882  97.6427 274.7057 0008496 167.4146 192.7298 15.11788394274570
0 LEMUR 2 TINYKEV
1 43883U 18111H   24001.28535548  .00013451  00000-0  74302-3 0  9998
2 43883  97.6234 273.2226 0008714 168.2991 191.8444 15.14008896274421
0 LEMUR 2 TINYKEV
1 43883U 18111H   24001.74799490  .00014680  00000-0  81006-3 0  9991
2 43883  97.6233 273.6858 0008742 166.4506 193.6962 15.14023770274498
0 LEMUR 2 TINYKEV
1 43883U 18111H   24002.34280996  .00017506  00000-0  96436-3 0  9997
2 43883  97.6231 274.2813 0008782 164.3876 195.7628 15.14045474274582
0 LEMUR 2 TINYKEV
1 43883U 18111H   24002.73934998  .00014922  00000-0  82259-3 0  9995
2 43883  97.6231 274.6784 0008852 162.9256 197.2274 15.14054495274641
0 LEMUR 2 REMY-COLTON
1 43884U 18111J   24001.29166042  .00012302  00000-0  72071-3 0  9994
2 43884  97.6374 273.9997 0002176 114.3453 245.8004 15.11944109272423
0 LEMUR 2 REMY-COLTON
1 43884U 18111J   24001.68875002  .00012877  00000-0  75398-3 0  9992
2 43884  97.6373 274.3967 0002264 113.3184 246.8284 15.11954560272481
0 LEMUR 2 REMY-COLTON
1 43884U 18111J   24002.28437823  .00015377  00000-0  89883-3 0  9996
2 43884  97.6372 274.9923 0002352 112.6578 247.4901 15.11973657272576
0 LEMUR 2 REMY-COLTON
1 43884U 18111J   24002.74764035  .00014080  00000-0  82320-3 0  9994
2 43884  97.6373 275.4555 0002415 109.1421 251.0071 15.11985539272641
0 LEMUR 2 GUSTAVO
1 43885U 18111K   24001.29193981  .00011660  00000-0  69354-3 0  9993
2 43885  97.6363 273.2651 0014015 177.8576 182.2716 15.11330360274375
0 LEMUR 2 GUSTAVO
1 43885U 18111K   24001.68919085  .00012533  00000-0  74486-3 0  9999
2 43885  97.6364 273.6618 0014082 176.3366 183.7969 15.11341141274430
0 LEMUR 2 GUSTAVO
1 43885U 18111K   24002.21885442  .00014624  00000-0  86780-3 0  9991
2 43885  97.6362 274.1909 0014128 174.2932 185.8461 15.11357216274513
0 LEMUR 2 GUSTAVO
1 43885U 18111K   24002.74851323  .00012993  00000-0  77139-3 0  9995
2 43885  97.6362 274.7195 0014163 172.3050 187.8400 15.11369561274594
0 LEMUR 2 ZO
1 43886U 18111L   24001.28798621  .00011574  00000-0  69080-3 0  9995
2 43886  97.6259 273.0039 0011699 195.8288 164.2577 15.11233206274380
0 LEMUR 2 ZO
1 43886U 18111L   24001.75147540  .00012383  00000-0  73849-3 0  9992
2 43886  97.6259 273.4662 0011700 193.8716 166.2194 15.11245374274457
0 LEMUR 2 ZO
1 43886U 18111L   24002.28117226  .00014391  00000-0  85695-3 0  9992
2 43886  97.6257 273.9944 0011747 191.7193 168.3765 15.11261468274538
0 LEMUR 2 ZO
1 43886U 18111L   24002.67844198  .00012762  00000-0  76038-3 0  9991
2 43886  97.6257 274.3907 0011841 190.0449 170.0545 15.11269920274596
0 LEMUR 2 NATALIEMURRAY
1 43887U 18111M   24001.28893792  .00011291  00000-0  66677-3 0  9996
2 43887  97.6388 274.1352 0010817 141.6535 218.5466 15.11632057274410
0 LEMUR 2 NATALIEMURRAY
1 43887U 18111M   24001.75230452  .00012254  00000-0  72298-3 0  9992
2 43887  97.6387 274.5984 0010872 140.0496 220.1536 15.11644258274484
0 LEMUR 2 NATALIEMURRAY
1 43887U 18111M   24002.28186157  .00014329  00000-0  84411-3 0  9998
2 43887  97.6387 275.1277 0010936 138.2410 221.9657 15.11660023274562
0 LEMUR 2 NATALIEMURRAY
1 43887U 18111M   24002.74522033  .00012555  00000-0  74009-3 0  9997
2 43887  97.6386 275.5910 0011007 136.7472 223.4624 15.11669929274633
0 LEMUR 2 SARAHBETTYBOO
1 43888U 18111N   24001.34431250  .00011726  00000-0  68140-3 0  9991
2 43888  97.6727 276.4546 0009608 229.6326 130.4066 15.12217843274443
0 LEMUR 2 SARAHBETTYBOO
1 43888U 18111N   24001.74132960  .00012585  00000-0  73073-3 0  9996
2 43888  97.6727 276.8536 0009711 227.7161 132.3246 15.12228990274500
0 LEMUR 2 SARAHBETTYBOO
1 43888U 18111N   24002.27068128  .00014946  00000-0  86637-3 0  9992
2 43888  97.6724 277.3853 0009767 225.6095 134.4336 15.12245701274589
0 LEMUR 2 SARAHBETTYBOO
1 43888U 18111N   24002.73386004  .00013318  00000-0  77237-3 0  9997
2 43888  97.6722 277.8507 0009816 223.8972 136.1479 15.12256641274657
0 LEMUR 2 DAISY-HARPER
1 43889U 18111P   24001.21939607  .00015604  00000-0  87357-3 0  9997
2 43889  97.6609 276.1828 0007583 225.9007 134.1601 15.13501631274435
0 LEMUR 2 DAISY-HARPER
1 43889U 18111P   24001.74830266  .00016699  00000-0  93400-3 0  9997
2 43889  97.6608 276.7146 0007606 223.5882 136.4749 15.13520424274512
0 LEMUR 2 DAISY-HARPER
1 43889U 18111P   24002.27720231  .00019640  00000-0  10967-2 0  9991
2 43889  97.6604 277.2460 0007654 221.4603 138.6048 15.13542221274597
0 LEMUR 2 DAISY-HARPER
1 43889U 18111P   24002.73998455  .00017070  00000-0  95366-3 0  9999
2 43889  97.6604 277.7112 0007729 219.4332 140.6337 15.13555541274666
0 LEMUR-2-DAYWZAGOODDAY
1 46501U 20068R   24001.45345735  .00019759  00000-0  76209-3 0  9993
2 46501  97.7798 322.0236 0008601 147.5141 212.6627 15.26317675179287
0 LEMUR-2-DAYWZAGOODDAY
1 46501U 20068R   24001.84680889  .00022455  00000-0  86488-3 0  9995
2 46501  97.7798 322.4333 0008623 146.2282 213.9506 15.26335382179347
0 LEMUR-2-DAYWZAGOODDAY
1 46501U 20068R   24002.43682625  .00025490  00000-0  98002-3 0  9998
2 46501  97.7798 323.0473 0008729 144.4839 215.6981 15.26366741179433
0 LEMUR-2-DAYWZAGOODDAY
1 46501U 20068R   24002.83016598  .00022856  00000-0  87896-3 0  9994
2 46501  97.7797 323.4570 0008778 143.0547 217.1296 15.26382039179499
0 LEMUR-2-NICHOL
1 46503U 20068T   24001.42244858  .00018160  00000-0  73772-3 0  9993
2 46503  97.7803 321.0773 0008483 155.4473 204.7169 15.24601010179230
0 LEMUR-2-NICHOL
1 46503U 20068T   24001.81624273  .00019057  00000-0  77352-3 0  9993
2 46503  97.7805 321.4861 0008523 154.1172 206.0492 15.24617027179296
0 LEMUR-2-NICHOL
1 46503U 20068T   24002.40692525  .00022296  00000-0  90331-3 0  9995
2 46503  97.7804 322.0992 0008591 152.0922 208.0776 15.24645311179386
0 LEMUR-2-NICHOL
1 46503U 20068T   24002.80070915  .00019427  00000-0  78747-3 0  9991
2 46503  97.7805 322.5079 0008662 150.8246 209.3476 15.24657594179446
0 LEMUR-2-NICHOL
1 46503U 20068T   24002.86633918  .00018757  00000-0  76044-3 0  9998
2 46503  97.7804 322.5762 0008670 150.6784 209.4941 15.24659830179452
0 LEMUR 2 AMANDA-SVANTE
1 48269U 21034B   24001.17672274  .00005604  00000-0  51408-3 0  9998
2 48269  97.6847  69.7013 0003187  32.7046 327.4372 14.95263957145367
0 LEMUR 2 AMANDA-SVANTE
1 48269U 21034B   24001.71207639  .00006144  00000-0  56298-3 0  9999
2 48269  97.6847  70.2261 0003156  31.7595 328.3816 14.95271009145442
0 LEMUR 2 AMANDA-SVANTE
1 48269U 21034B   24002.18050832  .00006787  00000-0  62115-3 0  9990
2 48269  97.6850  70.6856 0003106  30.3913 329.7488 14.95278301145514
0 LEMUR 2 AMANDA-SVANTE
1 48269U 21034B   24002.71585697  .00006798  00000-0  62207-3 0  9995
2 48269  97.6846  71.2096 0003010  31.2387 328.9012 14.95285047145598
0 LEMUR 2 SPECIAL K
1 48273U 21034F   24001.19468356  .00008253  00000-0  74895-3 0  9997
2 48273  97.6843  69.8179 0003726  34.2366 325.9094 14.95545135145380
0 LEMUR 2 SPECIAL K
1 48273U 21034F   24001.59612336  .00008786  00000-0  79678-3 0  9995
2 48273  97.6843  70.2114 0003722  33.5151 326.6305 14.95552645145449
0 LEMUR 2 SPECIAL K
1 48273U 21034F   24001.72993621  .00008845  00000-0  80205-3 0  9993
2 48273  97.6843  70.3427 0003743  32.7828 327.3625 14.95554971145461
0 LEMUR 2 SPECIAL K
1 48273U 21034F   24002.19827890  .00010464  00000-0  94743-3 0  9991
2 48273  97.6843  70.8020 0003728  31.5228 328.6216 14.95565941145536
0 LEMUR 2 SPECIAL K
1 48273U 21034F   24002.59971348  .00009838  00000-0  89101-3 0  9998
2 48273  97.6845  71.1957 0003721  30.8265 329.3174 14.95572513145597
0 LEMUR 2 SPECIAL K
1 48273U 21034F   24002.73352465  .00009772  00000-0  88497-3 0  9991
2 48273  97.6846  71.3270 0003702  30.8613 329.2825 14.95574762145617
0 LEMUR 2 EMBRIONOVIS
1 56970U 23084AQ  24001.33650097  .00011306  00000-0  58481-3 0  9994
2 56970  97.5341 120.8443 0013997 233.3898 126.6047 15.16329433 30652
0 LEMUR 2 EMBRIONOVIS
1 56970U 23084AQ  24001.86442430  .00012232  00000-0  63211-3 0  9998
2 56970  97.5338 121.3682 0014002 231.1424 128.8560 15.16342921 30738
0 LEMUR 2 EMBRIONOVIS
1 56970U 23084AQ  24002.32635283  .00013692  00000-0  70670-3 0  9998
2 56970  97.5338 121.8267 0014022 229.4592 130.5421 15.16356780 30802
0 LEMUR 2 EMBRIONOVIS
1 56970U 23084AQ  24002.85426727  .00011826  00000-0  61083-3 0  9992
2 56970  97.5336 122.3509 0014039 227.4160 132.5889 15.16367936 30885
0 LEMUR 2 NAZIYAH
1 56974U 23084AU  24001.32195448  .00021241  00000-0  95038-3 0  9999
2 56974  97.5215 121.2013 0012745 224.7451 135.2757 15.21241723 30692
0 LEMUR 2 NAZIYAH
1 56974U 23084AU  24001.84817330  .00023048  00000-0  10300-2 0  9992
2 56974  97.5214 121.7266 0012789 223.0443 136.9793 15.21265249 30773
0 LEMUR 2 NAZIYAH
1 56974U 23084AU  24002.30860708  .00027554  00000-0  12291-2 0  9998
2 56974  97.5212 122.1869 0012749 221.6746 138.3519 15.21290574 30840
0 LEMUR 2 NAZIYAH
1 56974U 23084AU  24002.90058366  .00022358  00000-0  99784-3 0  9993
2 56974  97.5212 122.7783 0012822 219.5592 140.4708 15.21315944 30931
0 LEMUR 2 AADAM-ALIYAH
1 56977U 23084AX  24001.25479663  .00020739  00000-0  92807-3 0  9990
2 56977  97.5240 121.1926 0012949 227.5785 132.4356 15.21238175 30682
0 LEMUR 2 AADAM-ALIYAH
1 56977U 23084AX  24001.78101596  .00021749  00000-0  97227-3 0  9998
2 56977  97.5236 121.7176 0013090 224.7689 135.2491 15.21262408 30766
0 LEMUR 2 AADAM-ALIYAH
1 56977U 23084AX  24002.30722622  .00025978  00000-0  11591-2 0  9993
2 56977  97.5232 122.2438 0013047 223.2109 136.8103 15.21290628 30843
0 LEMUR 2 MANO
1 57390U 23100E   24001.43854136  .00006676  00000-0  52299-3 0  9996
2 57390  99.4899 167.8274 0015679 111.8720 248.4167 15.01361379 25080
0 LEMUR 2 MANO
1 57390U 23100E   24001.90506007  .00007434  00000-0  58148-3 0  9991
2 57390  99.4899 168.3968 0015710 110.6707 249.6197 15.01369376 25153
0 LEMUR 2 MANO
1 57390U 23100E   24002.03835066  .00007687  00000-0  60099-3 0  9994
2 57390  99.4899 168.5595 0015697 110.1885 250.1023 15.01371726 25176
0 LEMUR 2 MANO
1 57390U 23100E   24002.43822130  .00008544  00000-0  66703-3 0  9997
2 57390  99.4898 169.0478 0015671 108.9279 251.3640 15.01379301 25237
0 LEMUR 2 DEVERILL-M-T
1 57391U 23100F   24001.39927137  .00006992  00000-0  54448-3 0  9993
2 57391  99.4681 167.7210 0013135 112.3449 247.9163 15.01596061 25086
0 LEMUR 2 DEVERILL-M-T
1 57391U 23100F   24001.66581234  .00007392  00000-0  57514-3 0  9999
2 57391  99.4682 168.0457 0013181 111.5301 248.7324 15.01600574 25121
0 LEMUR 2 DEVERILL-M-T
1 57391U 23100F   24001.93235262  .00007665  00000-0  59602-3 0  9999
2 57391  99.4682 168.3704 0013211 110.6634 249.6003 15.01605146 25160
0 LEMUR 2 DEVERILL-M-T
1 57391U 23100F   24002.39879597  .00008566  00000-0  66510-3 0  9992
2 57391  99.4684 168.9387 0013260 109.1458 251.1197 15.01613773 25231
0 LEMUR 2 DEVERILL-M-T
1 57391U 23100F   24002.93187163  .00007473  00000-0  58103-3 0  9998
2 57391  99.4685 169.5882 0013310 107.4330 252.8345 15.01620588 25319
0 LEMUR 2 DEVERILL-M-T
1 57391U 23100F   24002.99850585  .00007466  00000-0  58049-3 0  9990
2 57391  99.4685 169.6694 0013316 107.2181 253.0496 15.01621598 25322
0 LEMUR 2 BASS
1 58259U 23174D   24001.19850099  .00006538  00000-0  36147-3 0  9990
2 58259  97.4732  78.2017 0013968 108.5916 251.6834 15.14136877  8230
0 LEMUR 2 BASS
1 58259U 23174D   24001.72718924  .00006700  00000-0  37021-3 0  9992
2 58259  97.4730  78.7206 0013985 107.0127 253.2638 15.14144405  8315
0 LEMUR 2 BASS
1 58259U 23174D   24002.18978902  .00007417  00000-0  40936-3 0  9992
2 58259  97.4726  79.1747 0013980 105.5851 254.6925 15.14152006  8384
0 LEMUR 2 BASS
1 58259U 23174D   24002.71847197  .00007232  00000-0  39914-3 0  9991
2 58259  97.4726  79.6938 0013953 103.9335 256.3449 15.14159553  8463
0 LEMUR 2 DILIGHTFUL
1 58260U 23174E   24001.45385521  .00011197  00000-0  60583-3 0  9992
2 58260  97.4795  78.5162 0013211 108.7506 251.5161 15.14745490  8276
0 LEMUR 2 DILIGHTFUL
1 58260U 23174E   24001.51991478  .00011892  00000-0  64312-3 0  9999
2 58260  97.4794  78.5811 0013208 108.5272 251.7397 15.14747891  8281
0 LEMUR 2 DILIGHTFUL
1 58260U 23174E   24001.91627059  .00013081  00000-0  70670-3 0  9990
2 58260  97.4793  78.9708 0013172 107.3152 252.9522 15.14758978  8341
0 LEMUR 2 DILIGHTFUL
1 58260U 23174E   24002.51079900  .00013237  00000-0  71476-3 0  9991
2 58260  97.4791  79.5555 0013122 105.5697 254.6985 15.14774369  8439
0 LEMUR 2 DILIGHTFUL
1 58260U 23174E   24002.77503206  .00013307  00000-0  71839-3 0  9991
2 58260  97.4791  79.8153 0013106 104.7269 255.5417 15.14781495  8476
0 LEMUR 2 DILIGHTFUL
1 58260U 23174E   24002.90714798  .00013065  00000-0  70538-3 0  9992
2 58260  97.4791  79.9453 0013107 104.3194 255.9494 15.14784721  8490
0 LEMUR 2 GOOD-VIBES
1 58263U 23174H   24001.52154352  .00010633  00000-0  57757-3 0  9992
2 58263  97.4740  78.5437 0012605 110.4181 249.8405 15.14626338  8280
0 LEMUR 2 GOOD-VIBES
1 58263U 23174H   24001.78580256  .00010669  00000-0  57939-3 0  9997
2 58263  97.4739  78.8034 0012593 109.5154 250.7440 15.14632082  8327
0 LEMUR 2 GOOD-VIBES
1 58263U 23174H   24001.91793139  .00011523  00000-0  62534-3 0  9995
2 58263  97.4739  78.9332 0012567 109.1330 251.1263 15.14636008  8344
0 LEMUR 2 GOOD-VIBES
1 58263U 23174H   24002.51250852  .00011569  00000-0  62761-3 0  9994
2 58263  97.4737  79.5174 0012529 107.3600 252.9004 15.14649451  8439
0 LEMUR 2 GOOD-VIBES
1 58263U 23174H   24002.90889026  .00011555  00000-0  62672-3 0  9994
2 58263  97.4737  79.9068 0012519 106.1644 254.0967 15.14658804  8498
0 LEMUR 2 SANITA-VETRA
1 58267U 23174M   24001.18494236  .00011382  00000-0  61293-3 0  9998
2 58267  97.4722  78.2136 0012105 110.0168 250.2368 15.14920203  8230
0 LEMUR 2 SANITA-VETRA
1 58267U 23174M   24001.44914989  .00011573  00000-0  62303-3 0  9994
2 58267  97.4721  78.4735 0012090 109.3014 250.9527 15.14926106  8276
0 LEMUR 2 SANITA-VETRA
1 58267U 23174M   24001.91151022  .00013693  00000-0  73606-3 0  9990
2 58267  97.4720  78.9278 0012044 107.8653 252.3894 15.14940060  8349
0 LEMUR 2 SANITA-VETRA
1 58267U 23174M   24002.43991686  .00015587  00000-0  83677-3 0  9999
2 58267  97.4718  79.4471 0011990 106.2321 254.0231 15.14956497  8425
0 LEMUR 2 SANITA-VETRA
1 58267U 23174M   24002.50596742  .00014304  00000-0  76831-3 0  9991
2 58267  97.4718  79.5119 0011989 106.0406 254.2148 15.14956826  8431
0 LEMUR 2 SANITA-VETRA
1 58267U 23174M   24002.90226887  .00013866  00000-0  74471-3 0  9995
2 58267  97.4719  79.9013 0011987 104.7681 255.4880 15.14967393  8490
0 LEMUR 2 MARAPAMASM
1 58332U 23174CE  24001.45315700  .00015249  00000-0  77221-3 0  9993
2 58332  97.4715  78.6126 0011246  74.6286 285.6189 15.17030906  8282
0 LEMUR 2 MARAPAMASM
1 58332U 23174CE  24001.84891598  .00017517  00000-0  88590-3 0  9991
2 58332  97.4713  79.0026 0011230  73.2585 286.9880 15.17046490  8348
0 LEMUR 2 MARAPAMASM
1 58332U 23174CE  24002.50850555  .00017998  00000-0  90951-3 0  9990
2 58332  97.4712  79.6529 0011150  71.0346 289.2095 15.17069968  8443
0 LEMUR 2 MARAPAMASM
1 58332U 23174CE  24002.90425446  .00017838  00000-0  90111-3 0  9992
2 58332  97.4712  80.0430 0011120  69.7776 290.4652 15.17084141  8508
0 LEMUR 2 THE-CLEANER
1 58333U 23174CF  24001.19550618  .00011943  00000-0  61309-3 0  9991
2 58333  97.4724  78.3506 0011305  73.9081 286.3396 15.16608886  8244
0 LEMUR 2 THE-CLEANER
1 58333U 23174CF  24001.72333217  .00012573  00000-0  64496-3 0  9994
2 58333  97.4721  78.8706 0011280  72.1540 288.0922 15.16622207  8327
0 LEMUR 2 THE-CLEANER
1 58333U 23174CF  24002.18517505  .00013952  00000-0  71491-3 0  9994
2 58333  97.4720  79.3256 0011194  70.6850 289.5593 15.16636614  8397
0 LEMUR 2 THE-CLEANER
1 58333U 23174CF  24002.77896753  .00013916  00000-0  71280-3 0  9990
2 58333  97.4721  79.9111 0011113  69.2835 290.9588 15.16652686  8489
0 LEMUR 2 JK0903EM1407
1 58336U 23174CJ  24001.20392262  .00007128  00000-0  37392-3 0  9990
2 58336  97.4724  78.3412 0011280  74.5106 285.7371 15.15999586  8245
0 LEMUR 2 JK0903EM1407
1 58336U 23174CJ  24001.73196119  .00007487  00000-0  39248-3 0  9991
2 58336  97.4723  78.8608 0011284  72.9139 287.3329 15.16008097  8327
0 LEMUR 2 JK0903EM1407
1 58336U 23174CJ  24002.19399219  .00008693  00000-0  45494-3 0  9998
2 58336  97.4720  79.3156 0011263  71.3209 288.9246 15.16017229  8395
0 LEMUR 2 JK0903EM1407
1 58336U 23174CJ  24002.72202502  .00007850  00000-0  41115-3 0  9995
2 58336  97.4720  79.8354 0011238  69.7580 290.4860 15.16024508  8472
0 LEMUR 2 MJR092620
1 58340U 23174CN  24001.13311244  .00006227  00000-0  32569-3 0  9998
2 58340  97.4785  78.3213 0012561  71.8524 288.4076 15.16142607  8239
0 LEMUR 2 MJR092620
1 58340U 23174CN  24001.19911113  .00006344  00000-0  33175-3 0  9999
2 58340  97.4785  78.3863 0012578  71.6610 288.5990 15.16143838  8246
0 LEMUR 2 MJR092620
1 58340U 23174CN  24001.72709907  .00006872  00000-0  35896-3 0  9992
2 58340  97.4783  78.9065 0012574  70.1439 290.1148 15.16152305  8325
0 LEMUR 2 MJR092620
1 58340U 23174CN  24002.18908586  .00007669  00000-0  40006-3 0  9991
2 58340  97.4781  79.3616 0012523  68.5464 291.7103 15.16160551  8390
0 LEMUR 2 MJR092620
1 58340U 23174CN  24002.71706784  .00007603  00000-0  39656-3 0  9993
2 58340  97.4783  79.8821 0012444  67.5797 292.6753 15.16169025  8470
