0 LEMUR 2 ANDIS
1 42838U 17042P   24008.46471952  .00007192  00000-0  57609-3 0  9990
2 42838  97.3693 204.9616 0012537 225.9348 134.0845 15.00366956353516
0 LEMUR 2 ANDIS
1 42838U 17042P   24008.86487295  .00007484  00000-0  59919-3 0  9991
2 42838  97.3692 205.3410 0012550 224.3722 135.6497 15.00373050353575
0 LEMUR 2 ANDIS
1 42838U 17042P   24009.06494898  .00007472  00000-0  59823-3 0  9992
2 42838  97.3691 205.5307 0012568 223.5592 136.4641 15.00376162353607
0 LEMUR 2 ANDIS
1 42838U 17042P   24009.53179155  .00008221  00000-0  65750-3 0  9999
2 42838  97.3690 205.9731 0012555 221.9071 138.1194 15.00384282353672
0 LEMUR 2 ANDIS
1 42838U 17042P   24010.06532300  .00007952  00000-0  63604-3 0  9990
2 42838  97.3688 206.4789 0012599 219.7208 140.3095 15.00392362353755
0 LEMUR 2 ANDIS
1 42838U 17042P   24010.46546951  .00008070  00000-0  64529-3 0  9990
2 42838  97.3687 206.8583 0012605 218.2333 141.7999 15.00398949353813
0 LEMUR 2 ANDIS
1 42838U 17042P   24011.06568500  .00009771  00000-0  77989-3 0  9994
2 42838  97.3686 207.4273 0012661 215.7174 144.3205 15.00412631353906
0 LEMUR 2 ANDIS
1 42838U 17042P   24011.53251566  .00010388  00000-0  82852-3 0  9998
2 42838  97.3685 207.8698 0012693 213.9081 146.1334 15.00422893353973
0 LEMUR 2 ANDIS
1 42838U 17042P   24012.06603300  .00010129  00000-0  80777-3 0  9991
2 42838  97.3685 208.3756 0012698 211.9268 148.1188 15.00433581354059
0 LEMUR 2 ANDIS
1 42838U 17042P   24012.53285726  .00010234  00000-0  81589-3 0  9990
2 42838  97.3684 208.8182 0012724 210.1287 149.9207 15.00443515354125
0 LEMUR 2 ANDIS
1 42838U 17042P   24013.06636664  .00010472  00000-0  83450-3 0  9993
2 42838  97.3684 209.3240 0012782 207.9597 152.0942 15.00455618354205
0 LEMUR 2 ANDIS
1 42838U 17042P   24013.53318416  .00010500  00000-0  83644-3 0  9994
2 42838  97.3685 209.7667 0012766 206.2514 153.8065 15.00465943354270
0 LEMUR 2 MONSON
1 42839U 17042Q   24008.47249675  .00005962  00000-0  48600-3 0  9991
2 42839  97.3746 204.6103 0010613 227.2769 132.7562 14.99777786353479
0 LEMUR 2 MONSON
1 42839U 17042Q   24008.47249675  .00005962  00000-0  48600-3 0  9991
2 42839  97.3746 204.6103 0010613 227.2769 132.7562 14.99777786353479
0 LEMUR 2 MONSON
1 42839U 17042Q   24009.47326928  .00006964  00000-0  56663-3 0  9990
2 42839  97.3745 205.5587 0010591 223.0851 136.9545 14.99792932353629
0 LEMUR 2 MONSON
1 42839U 17042Q   24009.53998713  .00007271  00000-0  59139-3 0  9997
2 42839  97.3743 205.6219 0010565 223.0236 137.0163 14.99794491353639
0 LEMUR 2 MONSON
1 42839U 17042Q   24010.47403243  .00007248  00000-0  58935-3 0  9998
2 42839  97.3743 206.5073 0010567 219.1047 140.9414 14.99807571353776
0 LEMUR 2 MONSON
1 42839U 17042Q   24010.47403243  .00007248  00000-0  58935-3 0  9998
2 42839  97.3743 206.5073 0010567 219.1047 140.9414 14.99807571353776
0 LEMUR 2 MONSON
1 42839U 17042Q   24011.47478445  .00008471  00000-0  68762-3 0  9993
2 42839  97.3741 207.4563 0010523 215.0351 145.0182 14.99825616353928
0 LEMUR 2 MONSON
1 42839U 17042Q   24012.47552377  .00008934  00000-0  72454-3 0  9998
2 42839  97.3743 208.4050 0010554 210.6907 149.3701 14.99844661354076
0 LEMUR 2 MONSON
1 42839U 17042Q   24012.47552377  .00008934  00000-0  72454-3 0  9998
2 42839  97.3743 208.4050 0010554 210.6907 149.3701 14.99844661354076
0 LEMUR 2 MONSON
1 42839U 17042Q   24013.47625060  .00009145  00000-0  74117-3 0  9992
2 42839  97.3745 209.3539 0010550 206.5427 153.5258 14.99863773354223
0 LEMUR 2 MONSON
1 42839U 17042Q   24013.54296523  .00009513  00000-0  77070-3 0  9998
2 42839  97.3746 209.4171 0010510 206.4099 153.6591 14.99865736354230
0 LEMUR 2 FURIAUS
1 42840U 17042R   24008.50882925  .00006013  00000-0  48793-3 0  9999
2 42840  97.3812 205.0691 0009221 245.7486 114.2776 14.99961545353476
0 LEMUR 2 FURIAUS
1 42840U 17042R   24008.50882925  .00006013  00000-0  48793-3 0  9999
2 42840  97.3812 205.0691 0009221 245.7486 114.2776 14.99961545353476
0 LEMUR 2 FURIAUS
1 42840U 17042R   24008.84237977  .00006768  00000-0  54851-3 0  9996
2 42840  97.3809 205.3857 0009246 244.5275 115.4993 14.99967339353526
0 LEMUR 2 FURIAUS
1 42840U 17042R   24009.50947813  .00007095  00000-0  57459-3 0  9998
2 42840  97.3806 206.0188 0009311 242.0830 117.9452 14.99976999353621
0 LEMUR 2 FURIAUS
1 42840U 17042R   24009.50947813  .00007095  00000-0  57459-3 0  9998
2 42840  97.3806 206.0188 0009311 242.0830 117.9452 14.99976999353621
0 LEMUR 2 FURIAUS
1 42840U 17042R   24009.77631626  .00007433  00000-0  60169-3 0  9997
2 42840  97.3805 206.2720 0009339 241.2028 118.8259 14.99981167353666
0 LEMUR 2 FURIAUS
1 42840U 17042R   24010.44340873  .00007014  00000-0  56792-3 0  9996
2 42840  97.3802 206.9050 0009405 238.8166 121.2137 14.99990057353767
0 LEMUR 2 FURIAUS
1 42840U 17042R   24010.51011759  .00007500  00000-0  60690-3 0  9994
2 42840  97.3802 206.9683 0009418 238.5660 121.4644 14.99991966353775
0 LEMUR 2 FURIAUS
1 42840U 17042R   24011.51074516  .00008839  00000-0  71395-3 0  9995
2 42840  97.3799 207.9176 0009518 235.2144 124.8185 15.00010973353927
0 LEMUR 2 FURIAUS
1 42840U 17042R   24011.51074516  .00008839  00000-0  71395-3 0  9995
2 42840  97.3799 207.9176 0009518 235.2144 124.8185 15.00010973353927
0 LEMUR 2 FURIAUS
1 42840U 17042R   24012.51135938  .00009204  00000-0  74277-3 0  9991
2 42840  97.3797 208.8671 0009590 231.9983 128.0376 15.00031256354071
0 LEMUR 2 FURIAUS
1 42840U 17042R   24012.51135938  .00009204  00000-0  74277-3 0  9991
2 42840  97.3797 208.8671 0009590 231.9983 128.0376 15.00031256354071
0 LEMUR 2 FURIAUS
1 42840U 17042R   24013.51196147  .00008982  00000-0  72468-3 0  9993
2 42840  97.3794 209.8163 0009709 228.5864 131.4527 15.00049517354229
0 LEMUR 2 FURIAUS
1 42840U 17042R   24013.51196147  .00008982  00000-0  72468-3 0  9993
2 42840  97.3794 209.8163 0009709 228.5864 131.4527 15.00049517354229
0 LEMUR 2 PETERG
1 42841U 17042S   24008.08698927  .00008282  00000-0  67220-3 0  9996
2 42841  97.3784 205.9963 0008843 224.1654 135.8865 14.99848112353486
0 LEMUR 2 PETERG
1 42841U 17042S   24008.55399649  .00008209  00000-0  66617-3 0  9995
2 42841  97.3782 206.4392 0008865 221.7910 138.2638 14.99854924353559
0 LEMUR 2 PETERG
1 42841U 17042S   24009.08771569  .00008536  00000-0  69234-3 0  9990
2 42841  97.3783 206.9454 0008870 219.5716 140.4862 14.99864049353631
0 LEMUR 2 PETERG
1 42841U 17042S   24009.48800272  .00009117  00000-0  73896-3 0  9993
2 42841  97.3782 207.3250 0008866 217.9249 142.1352 14.99871737353698
0 LEMUR 2 PETERG
1 42841U 17042S   24010.08842872  .00009947  00000-0  80553-3 0  9992
2 42841  97.3781 207.8946 0008812 215.4642 144.5997 14.99885041353789
0 LEMUR 2 PETERG
1 42841U 17042S   24010.48870979  .00009968  00000-0  80699-3 0  9999
2 42841  97.3781 208.2743 0008855 213.6968 146.3695 14.99893457353849
0 LEMUR 2 PETERG
1 42841U 17042S   24011.08912610  .00012005  00000-0  97031-3 0  9999
2 42841  97.3782 208.8437 0008876 210.9690 149.1012 14.99910728353936
0 LEMUR 2 PETERG
1 42841U 17042S   24011.48940021  .00012094  00000-0  97722-3 0  9995
2 42841  97.3784 209.2233 0008863 209.5802 150.4922 14.99920625353990
0 LEMUR 2 PETERG
1 42841U 17042S   24012.08980634  .00012770  00000-0  10310-2 0  9994
2 42841  97.3784 209.7931 0008884 206.9197 153.1568 14.99937140354088
0 LEMUR 2 PETERG
1 42841U 17042S   24012.55678525  .00011813  00000-0  95400-3 0  9990
2 42841  97.3783 210.2362 0008812 205.1596 154.9201 14.99947453354156
0 LEMUR 2 PETERG
1 42841U 17042S   24013.09047105  .00012001  00000-0  96874-3 0  9990
2 42841  97.3787 210.7422 0008833 203.0793 157.0036 14.99959923354235
0 LEMUR 2 PETERG
1 42841U 17042S   24013.49073194  .00012535  00000-0  10113-2 0  9994
2 42841  97.3789 211.1220 0008829 201.5899 158.4954 14.99970860354296
0 LEMUR 2 DEMBITZ
1 42842U 17042T   24008.47438851  .00006207  00000-0  50091-3 0  9991
2 42842  97.3729 206.3218 0011274 221.5050 138.5319 15.00147922353564
0 LEMUR 2 DEMBITZ
1 42842U 17042T   24008.54109042  .00006713  00000-0  54126-3 0  9991
2 42842  97.3728 206.3850 0011248 221.3669 138.6705 15.00149924353575
0 LEMUR 2 DEMBITZ
1 42842U 17042T   24009.47491411  .00007423  00000-0  59778-3 0  9995
2 42842  97.3727 207.2703 0011201 217.7201 142.3239 15.00164218353714
0 LEMUR 2 DEMBITZ
1 42842U 17042T   24009.47491411  .00007423  00000-0  59778-3 0  9995
2 42842  97.3727 207.2703 0011201 217.7201 142.3239 15.00164218353714
0 LEMUR 2 DEMBITZ
1 42842U 17042T   24010.47542968  .00007584  00000-0  61041-3 0  9995
2 42842  97.3724 208.2188 0011206 213.5987 146.4527 15.00179445353868
0 LEMUR 2 DEMBITZ
1 42842U 17042T   24010.47542968  .00007584  00000-0  61041-3 0  9995
2 42842  97.3724 208.2188 0011206 213.5987 146.4527 15.00179445353868
0 LEMUR 2 DEMBITZ
1 42842U 17042T   24011.47593325  .00009128  00000-0  73323-3 0  9991
2 42842  97.3722 209.1677 0011168 209.6960 150.3632 15.00199141354017
0 LEMUR 2 DEMBITZ
1 42842U 17042T   24011.54263291  .00009731  00000-0  78130-3 0  9996
2 42842  97.3722 209.2309 0011178 209.3829 150.6768 15.00201445354027
0 LEMUR 2 DEMBITZ
1 42842U 17042T   24012.47642336  .00009526  00000-0  76454-3 0  9999
2 42842  97.3722 210.1164 0011222 205.5226 154.5445 15.00219410354167
0 LEMUR 2 DEMBITZ
1 42842U 17042T   24012.54312227  .00009392  00000-0  75387-3 0  9995
2 42842  97.3723 210.1797 0011270 205.1280 154.9398 15.00220516354170
0 LEMUR 2 DEMBITZ
1 42842U 17042T   24013.47690105  .00009434  00000-0  75686-3 0  9991
2 42842  97.3722 211.0651 0011216 201.6108 158.4645 15.00238440354313
0 LEMUR 2 DEMBITZ
1 42842U 17042T   24013.54359917  .00009662  00000-0  77497-3 0  9997
2 42842  97.3723 211.1284 0011216 201.3224 158.7534 15.00240020354321
0 LEMUR 2 ZACHARY
1 42845U 17042W   24008.51443650  .00007865  00000-0  58851-3 0  9995
2 42845  97.3795 206.1286 0007933 268.0553  91.9764 15.02977239353698
0 LEMUR 2 ZACHARY
1 42845U 17042W   24009.51307667  .00009842  00000-0  73475-3 0  9999
2 42845  97.3790 207.0803 0007995 264.1354  95.8960 15.02998751353842
0 LEMUR 2 ZACHARY
1 42845U 17042W   24009.51307667  .00009842  00000-0  73475-3 0  9999
2 42845  97.3790 207.0803 0007995 264.1354  95.8960 15.02998751353842
0 LEMUR 2 ZACHARY
1 42845U 17042W   24009.97910437  .00009904  00000-0  73918-3 0  9995
2 42845  97.3788 207.5242 0008006 262.5037  97.5280 15.03008038353918
0 LEMUR 2 ZACHARY
1 42845U 17042W   24011.04429774  .00012486  00000-0  92971-3 0  9994
2 42845  97.3783 208.5395 0008103 258.2978 101.7338 15.03035288354074
0 LEMUR 2 ZACHARY
1 42845U 17042W   24011.51031397  .00012302  00000-0  91584-3 0  9992
2 42845  97.3783 208.9836 0008136 256.6665 103.3653 15.03046433354149
0 LEMUR 2 ZACHARY
1 42845U 17042W   24012.44233530  .00012588  00000-0  93637-3 0  9995
2 42845  97.3783 209.8719 0008178 253.8145 106.2181 15.03070531354286
0 LEMUR 2 ZACHARY
1 42845U 17042W   24012.44233530  .00012588  00000-0  93637-3 0  9995
2 42845  97.3783 209.8719 0008178 253.8145 106.2181 15.03070531354286
0 LEMUR 2 ZACHARY
1 42845U 17042W   24013.50748499  .00012241  00000-0  91011-3 0  9998
2 42845  97.3784 210.8876 0008255 249.4604 110.5736 15.03096538354447
0 LEMUR 2 ZACHARY
1 42845U 17042W   24013.50748499  .00012241  00000-0  91011-3 0  9998
2 42845  97.3784 210.8876 0008255 249.4604 110.5736 15.03096538354447
0 LEMUR 2 JIN-LUEN
1 43182U 18014C   24008.19419614  .00007918  00000-0  51865-3 0  9994
2 43182  97.6035 272.7163 0013193 175.5808 184.5539 15.07923337324452
0 LEMUR 2 JIN-LUEN
1 43182U 18014C   24008.72506003  .00008954  00000-0  58567-3 0  9999
2 43182  97.6036 273.2414 0013266 173.6382 186.5017 15.07933921324537
0 LEMUR 2 JIN-LUEN
1 43182U 18014C   24008.72506003  .00008954  00000-0  58567-3 0  9999
2 43182  97.6036 273.2414 0013266 173.6382 186.5017 15.07933921324537
0 LEMUR 2 JIN-LUEN
1 43182U 18014C   24009.18956276  .00009524  00000-0  62247-3 0  9995
2 43182  97.6036 273.7008 0013348 171.9178 188.2268 15.07943641324601
0 LEMUR 2 JIN-LUEN
1 43182U 18014C   24009.65406276  .00010047  00000-0  65625-3 0  9992
2 43182  97.6036 274.1603 0013445 170.2935 189.8555 15.07953083324672
0 LEMUR 2 JIN-LUEN
1 43182U 18014C   24010.25127277  .00009699  00000-0  63343-3 0  9997
2 43182  97.6036 274.7513 0013507 168.2410 191.9136 15.07964636324767
0 LEMUR 2 JIN-LUEN
1 43182U 18014C   24010.25127277  .00009699  00000-0  63343-3 0  9997
2 43182  97.6036 274.7513 0013507 168.2410 191.9136 15.07964636324767
0 LEMUR 2 JIN-LUEN
1 43182U 18014C   24011.18025456  .00011702  00000-0  76270-3 0  9997
2 43182  97.6033 275.6700 0013640 165.1529 195.0102 15.07988620324900
0 LEMUR 2 JIN-LUEN
1 43182U 18014C   24011.71109479  .00012487  00000-0  81317-3 0  9993
2 43182  97.6032 276.1949 0013717 163.4853 196.6825 15.08003034324981
0 LEMUR 2 JIN-LUEN
1 43182U 18014C   24011.71109479  .00012487  00000-0  81317-3 0  9993
2 43182  97.6032 276.1949 0013717 163.4853 196.6825 15.08003034324981
0 LEMUR 2 JIN-LUEN
1 43182U 18014C   24012.24193010  .00012218  00000-0  79545-3 0  9998
2 43182  97.6030 276.7202 0013728 161.8114 198.3608 15.08016380325067
0 LEMUR 2 JIN-LUEN
1 43182U 18014C   24012.70640734  .00011550  00000-0  75201-3 0  9992
2 43182  97.6026 277.1799 0013799 160.4403 199.7357 15.08027158325131
0 LEMUR 2 JIN-LUEN
1 43182U 18014C   24013.17088129  .00011598  00000-0  75488-3 0  9997
2 43182  97.6024 277.6394 0013840 159.1667 201.0128 15.08037788325200
0 LEMUR 2 JIN-LUEN
1 43182U 18014C   24013.23723439  .00011596  00000-0  75471-3 0  9994
2 43182  97.6024 277.7051 0013844 158.9616 201.2184 15.08039462325212
0 LEMUR 2 URAMCHANSOL
1 43183U 18014D   24008.23448142  .00008528  00000-0  52774-3 0  9996
2 43183  97.6017 273.6581 0013556 164.9749 195.1886 15.09984118324512
0 LEMUR 2 URAMCHANSOL
1 43183U 18014D   24008.69835430  .00009630  00000-0  59514-3 0  9990
2 43183  97.6017 274.1182 0013555 163.5229 196.6443 15.09993702324583
0 LEMUR 2 URAMCHANSOL
1 43183U 18014D   24008.69835430  .00009630  00000-0  59514-3 0  9990
2 43183  97.6017 274.1182 0013555 163.5229 196.6443 15.09993702324583
0 LEMUR 2 URAMCHANSOL
1 43183U 18014D   24009.62609081  .00011636  00000-0  71769-3 0  9990
2 43183  97.6019 275.0387 0013613 160.4873 199.6879 15.10014832324720
0 LEMUR 2 URAMCHANSOL
1 43183U 18014D   24009.69235719  .00011664  00000-0  71934-3 0  9995
2 43183  97.6019 275.1046 0013636 160.3277 199.8481 15.10016326324737
0 LEMUR 2 URAMCHANSOL
1 43183U 18014D   24010.15622018  .00011542  00000-0  71166-3 0  9992
2 43183  97.6020 275.5648 0013686 158.9178 201.2618 15.10026311324802
0 LEMUR 2 URAMCHANSOL
1 43183U 18014D   24010.28875158  .00011916  00000-0  73448-3 0  9991
2 43183  97.6019 275.6960 0013803 158.5923 201.5887 15.10029934324820
0 LEMUR 2 URAMCHANSOL
1 43183U 18014D   24011.28272682  .00014941  00000-0  91874-3 0  9999
2 43183  97.6021 276.6822 0013904 155.0609 205.1295 15.10061545324979
0 LEMUR 2 URAMCHANSOL
1 43183U 18014D   24011.28272682  .00014941  00000-0  91874-3 0  9999
2 43183  97.6021 276.6822 0013904 155.0609 205.1295 15.10061545324979
0 LEMUR 2 URAMCHANSOL
1 43183U 18014D   24011.68031066  .00015951  00000-0  98001-3 0  9993
2 43183  97.6023 277.0767 0013949 153.6868 206.5073 15.10075905325036
0 LEMUR 2 URAMCHANSOL
1 43183U 18014D   24012.27667979  .00015663  00000-0  96186-3 0  9999
2 43183  97.6023 277.6686 0014041 151.5663 208.6336 15.10095802325129
0 LEMUR 2 URAMCHANSOL
1 43183U 18014D   24012.67425552  .00015029  00000-0  92286-3 0  9995
2 43183  97.6024 278.0631 0014131 149.9657 210.2386 15.10107644325187
0 LEMUR 2 URAMCHANSOL
1 43183U 18014D   24012.67425552  .00015029  00000-0  92286-3 0  9995
2 43183  97.6024 278.0631 0014131 149.9657 210.2386 15.10107644325187
0 LEMUR 2 URAMCHANSOL
1 43183U 18014D   24013.27061311  .00014514  00000-0  89096-3 0  9994
2 43183  97.6023 278.6551 0014271 148.1955 212.0138 15.10124607325273
0 LEMUR 2 KADI
1 43184U 18014E   24008.69785985  .00008170  00000-0  52500-3 0  9996
2 43184  97.5876 272.8487 0012609 150.6435 209.5504 15.08623927324539
0 LEMUR 2 KADI
1 43184U 18014E   24008.69785985  .00008170  00000-0  52500-3 0  9996
2 43184  97.5876 272.8487 0012609 150.6435 209.5504 15.08623927324539
0 LEMUR 2 KADI
1 43184U 18014E   24009.16215051  .00008804  00000-0  56522-3 0  9993
2 43184  97.5876 273.3074 0012647 149.3755 210.8214 15.08632560324603
0 LEMUR 2 KADI
1 43184U 18014E   24009.69276470  .00010208  00000-0  65438-3 0  9990
2 43184  97.5875 273.8318 0012657 147.8425 212.3578 15.08644399324687
0 LEMUR 2 KADI
1 43184U 18014E   24010.68765600  .00011106  00000-0  71110-3 0  9991
2 43184  97.5876 274.8148 0012696 144.7614 215.4456 15.08665991324836
0 LEMUR 2 KADI
1 43184U 18014E   24010.68765600  .00011106  00000-0  71110-3 0  9991
2 43184  97.5876 274.8148 0012696 144.7614 215.4456 15.08665991324836
0 LEMUR 2 KADI
1 43184U 18014E   24011.68252974  .00013626  00000-0  87051-3 0  9997
2 43184  97.5878 275.7981 0012773 141.3875 218.8270 15.08694876324982
0 LEMUR 2 KADI
1 43184U 18014E   24011.68252974  .00013626  00000-0  87051-3 0  9997
2 43184  97.5878 275.7981 0012773 141.3875 218.8270 15.08694876324982
0 LEMUR 2 KADI
1 43184U 18014E   24012.27944515  .00013673  00000-0  87307-3 0  9998
2 43184  97.5878 276.3882 0012855 139.3143 220.9048 15.08711928325071
0 LEMUR 2 KADI
1 43184U 18014E   24012.67738467  .00013611  00000-0  86888-3 0  9994
2 43184  97.5879 276.7816 0012857 138.1467 222.0747 15.08723612325130
0 LEMUR 2 KADI
1 43184U 18014E   24013.27428866  .00013523  00000-0  86291-3 0  9990
2 43184  97.5878 277.3716 0012930 136.1299 224.0959 15.08740346325228
0 LEMUR 2 KADI
1 43184U 18014E   24013.27428866  .00013523  00000-0  86291-3 0  9990
2 43184  97.5878 277.3716 0012930 136.1299 224.0959 15.08740346325228
0 LEMUR 2 THENICKMOLO
1 43185U 18014F   24008.17628365  .00009322  00000-0  58902-3 0  9990
2 43185  97.5967 272.9739 0008711 150.8465 209.3252 15.09236533324471
0 LEMUR 2 THENICKMOLO
1 43185U 18014F   24008.17628365  .00009322  00000-0  58902-3 0  9990
2 43185  97.5967 272.9739 0008711 150.8465 209.3252 15.09236533324471
0 LEMUR 2 THENICKMOLO
1 43185U 18014F   24008.70668516  .00010166  00000-0  64167-3 0  9999
2 43185  97.5966 273.4990 0008812 149.5344 210.6398 15.09248672324550
0 LEMUR 2 THENICKMOLO
1 43185U 18014F   24009.30338202  .00011403  00000-0  71888-3 0  9995
2 43185  97.5965 274.0898 0008874 147.7521 212.4252 15.09262671324642
0 LEMUR 2 THENICKMOLO
1 43185U 18014F   24009.50227956  .00012336  00000-0  77719-3 0  9995
2 43185  97.5965 274.2869 0008872 147.3258 212.8521 15.09268259324677
0 LEMUR 2 THENICKMOLO
1 43185U 18014F   24009.70117638  .00012430  00000-0  78291-3 0  9993
2 43185  97.5964 274.4838 0008887 146.8903 213.2883 15.09273697324703
0 LEMUR 2 THENICKMOLO
1 43185U 18014F   24010.23156504  .00012399  00000-0  78073-3 0  9990
2 43185  97.5962 275.0092 0008914 145.5306 214.6503 15.09286666324786
0 LEMUR 2 THENICKMOLO
1 43185U 18014F   24010.69565088  .00013266  00000-0  83459-3 0  9999
2 43185  97.5961 275.4686 0008972 144.4577 215.7250 15.09299877324857
0 LEMUR 2 THENICKMOLO
1 43185U 18014F   24011.29232566  .00015884  00000-0  99762-3 0  9990
2 43185  97.5960 276.0597 0008986 142.6004 217.5852 15.09320871324941
0 LEMUR 2 THENICKMOLO
1 43185U 18014F   24011.69010438  .00016884  00000-0  10596-2 0  9994
2 43185  97.5960 276.4537 0009024 141.4310 218.7565 15.09335366325007
0 LEMUR 2 THENICKMOLO
1 43185U 18014F   24012.15417516  .00016662  00000-0  10453-2 0  9990
2 43185  97.5960 276.9134 0009044 139.9503 220.2394 15.09350734325074
0 LEMUR 2 THENICKMOLO
1 43185U 18014F   24012.22047030  .00017185  00000-0  10778-2 0  9999
2 43185  97.5960 276.9789 0009061 139.8276 220.3624 15.09354059325087
0 LEMUR 2 THENICKMOLO
1 43185U 18014F   24012.94971325  .00016990  00000-0  10649-2 0  9991
2 43185  97.5958 277.7014 0009153 137.1381 223.0562 15.09378499325191
0 LEMUR 2 THENICKMOLO
1 43185U 18014F   24013.21488943  .00016784  00000-0  10518-2 0  9997
2 43185  97.5957 277.9643 0009163 136.3308 223.8647 15.09387797325239
0 LEMUR 2 THENICKMOLO
1 43185U 18014F   24013.21488943  .00016784  00000-0  10518-2 0  9997
2 43185  97.5957 277.9643 0009163 136.3308 223.8647 15.09387797325239
0 LEMUR 2 CHRISTINAHOLT
1 43882U 18111G   24008.28161903  .00014904  00000-0  87089-3 0  9994
2 43882  97.6439 280.2678 0009158 148.9020 211.2754 15.11960086275413
0 LEMUR 2 CHRISTINAHOLT
1 43882U 18111G   24008.74488430  .00016219  00000-0  94679-3 0  9996
2 43882  97.6441 280.7312 0009260 147.3882 212.7922 15.11976562275485
0 LEMUR 2 CHRISTINAHOLT
1 43882U 18111G   24009.27432395  .00017913  00000-0  10444-2 0  9993
2 43882  97.6441 281.2609 0009357 145.7361 214.4475 15.11996416275562
0 LEMUR 2 CHRISTINAHOLT
1 43882U 18111G   24009.27432395  .00017913  00000-0  10444-2 0  9993
2 43882  97.6441 281.2609 0009357 145.7361 214.4475 15.11996416273560
0 LEMUR 2 CHRISTINAHOLT
1 43882U 18111G   24009.73757797  .00018633  00000-0  10856-2 0  9997
2 43882  97.6442 281.7244 0009456 144.4443 215.7419 15.12014222275637
0 LEMUR 2 CHRISTINAHOLT
1 43882U 18111G   24010.26700446  .00018312  00000-0  10664-2 0  9997
2 43882  97.6442 282.2541 0009539 142.9250 217.2640 15.12033697275713
0 LEMUR 2 CHRISTINAHOLT
1 43882U 18111G   24010.73024633  .00019289  00000-0  11223-2 0  9992
2 43882  97.6441 282.7175 0009585 141.7650 218.4262 15.12053354273782
0 LEMUR 2 CHRISTINAHOLT
1 43882U 18111G   24011.25965723  .00021545  00000-0  12518-2 0  9990
2 43882  97.6439 283.2472 0009687 140.7317 219.4617 15.12080058275864
0 LEMUR 2 CHRISTINAHOLT
1 43882U 18111G   24011.72288460  .00023181  00000-0  13454-2 0  9996
2 43882  97.6437 283.7109 0009715 139.4977 220.6978 15.12102981275935
0 LEMUR 2 CHRISTINAHOLT
1 43882U 18111G   24011.72288460  .00023181  00000-0  13454-2 0  9996
2 43882  97.6437 283.7109 0009715 139.4977 220.6978 15.12102981273933
0 LEMUR 2 CHRISTINAHOLT
1 43882U 18111G   24012.25227878  .00022947  00000-0  13309-2 0  9999
2 43882  97.6436 284.2408 0009783 138.2740 221.9238 15.12128932276019
0 LEMUR 2 CHRISTINAHOLT
1 43882U 18111G   24012.71549197  .00023302  00000-0  13506-2 0  9996
2 43882  97.6434 284.7047 0009745 136.5293 223.6707 15.12149966276080
0 LEMUR 2 CHRISTINAHOLT
1 43882U 18111G   24013.24486987  .00023427  00000-0  13568-2 0  9998
2 43882  97.6432 285.2345 0009825 135.3816 224.8206 15.12175549276164
0 LEMUR 2 CHRISTINAHOLT
1 43882U 18111G   24013.24486987  .00023427  00000-0  13568-2 0  9998
2 43882  97.6432 285.2345 0009825 135.3816 224.8206 15.12175549274162
0 LEMUR 2 TINYKEV
1 43883U 18111H   24008.29058813  .00014704  00000-0  80688-3 0  9997
2 43883  97.6239 280.2362 0009399 144.9464 215.2388 15.14218085275489
0 LEMUR 2 TINYKEV
1 43883U 18111H   24008.68708136  .00016230  00000-0  88964-3 0  9991
2 43883  97.6239 280.6334 0009462 143.4813 216.7065 15.14232659275543
0 LEMUR 2 TINYKEV
1 43883U 18111H   24008.68708136  .00016230  00000-0  88964-3 0  9991
2 43883  97.6239 280.6334 0009462 143.4813 216.7065 15.14232659273541
0 LEMUR 2 TINYKEV
1 43883U 18111H   24009.28181419  .00017664  00000-0  96713-3 0  9990
2 43883  97.6240 281.2290 0009582 141.3580 218.8339 15.14254511275632
0 LEMUR 2 TINYKEV
1 43883U 18111H   24009.74437812  .00018370  00000-0  10050-2 0  9996
2 43883  97.6241 281.6924 0009649 139.8985 220.2960 15.14272216275703
0 LEMUR 2 TINYKEV
1 43883U 18111H   24009.74437812  .00018370  00000-0  10050-2 0  9996
2 43883  97.6241 281.6924 0009649 139.8985 220.2960 15.14272216273701
0 LEMUR 2 TINYKEV
1 43883U 18111H   24010.33909518  .00018052  00000-0  98711-3 0  9998
2 43883  97.6242 282.2881 0009797 138.0664 222.1319 15.14294131275790
0 LEMUR 2 TINYKEV
1 43883U 18111H   24011.33026690  .00021530  00000-0  11744-2 0  9995
2 43883  97.6243 283.2805 0010093 136.4791 223.7238 15.14339935275948
0 LEMUR 2 TINYKEV
1 43883U 18111H   24011.33026690  .00021530  00000-0  11744-2 0  9995
2 43883  97.6243 283.2805 0010093 136.4791 223.7238 15.14339935273946
0 LEMUR 2 TINYKEV
1 43883U 18111H   24011.72672702  .00022663  00000-0  12351-2 0  9992
2 43883  97.6240 283.6776 0010177 135.7778 224.4269 15.14360267276008
0 LEMUR 2 TINYKEV
1 43883U 18111H   24012.32140853  .00022171  00000-0  12075-2 0  9993
2 43883  97.6238 284.2732 0010264 134.5334 225.6738 15.14387401276098
0 LEMUR 2 TINYKEV
1 43883U 18111H   24012.71785745  .00022215  00000-0  12093-2 0  9990
2 43883  97.6235 284.6707 0010224 133.0144 227.1946 15.14404487276159
0 LEMUR 2 TINYKEV
1 43883U 18111H   24012.71785745  .00022215  00000-0  12093-2 0  9990
2 43883  97.6235 284.6707 0010224 133.0144 227.1946 15.14404487274157
0 LEMUR 2 TINYKEV
1 43883U 18111H   24013.31252177  .00022428  00000-0  12199-2 0  9998
2 43883  97.6234 285.2664 0010321 131.7077 228.5039 15.14431154276244
0 LEMUR 2 REMY-COLTON
1 43884U 18111J   24008.30649828  .00013561  00000-0  78994-3 0  9999
2 43884  97.6377 281.0133 0002576 108.0304 252.1207 15.12128157273488
0 LEMUR 2 REMY-COLTON
1 43884U 18111J   24008.70353895  .00014744  00000-0  85807-3 0  9994
2 43884  97.6379 281.4104 0002612 107.2632 252.8884 15.12140934273540
0 LEMUR 2 REMY-COLTON
1 43884U 18111J   24009.29909329  .00016369  00000-0  95144-3 0  9998
2 43884  97.6381 282.0059 0002689 107.0120 253.1405 15.12161324273632
0 LEMUR 2 REMY-COLTON
1 43884U 18111J   24009.29909329  .00016369  00000-0  95144-3 0  9998
2 43884  97.6381 282.0059 0002689 107.0120 253.1405 15.12161324273632
0 LEMUR 2 REMY-COLTON
1 43884U 18111J   24009.76229666  .00017438  00000-0  10127-2 0  9994
2 43884  97.6381 282.4693 0002759 105.6848 254.4686 15.12178357273706
0 LEMUR 2 REMY-COLTON
1 43884U 18111J   24010.29166601  .00016348  00000-0  94932-3 0  9999
2 43884  97.6384 282.9987 0002838 105.5041 254.6502 15.12195221273788
0 LEMUR 2 REMY-COLTON
1 43884U 18111J   24010.68868857  .00017215  00000-0  99897-3 0  9993
2 43884  97.6385 283.3959 0002881 105.4469 254.7079 15.12210249273849
0 LEMUR 2 REMY-COLTON
1 43884U 18111J   24011.28421387  .00020062  00000-0  11622-2 0  9996
2 43884  97.6385 283.9917 0002958 103.7849 256.3710 15.12237040273935
0 LEMUR 2 REMY-COLTON
1 43884U 18111J   24011.74739289  .00021260  00000-0  12304-2 0  9999
2 43884  97.6386 284.4550 0003062 104.6266 255.5304 15.12258710274001
0 LEMUR 2 REMY-COLTON
1 43884U 18111J   24011.74739289  .00021260  00000-0  12304-2 0  9999
2 43884  97.6386 284.4550 0003062 104.6266 255.5304 15.12258710274001
0 LEMUR 2 REMY-COLTON
1 43884U 18111J   24012.27673275  .00020847  00000-0  12059-2 0  9997
2 43884  97.6384 284.9845 0003138 104.0288 256.1291 15.12281653274085
0 LEMUR 2 REMY-COLTON
1 43884U 18111J   24012.73989912  .00019687  00000-0  11386-2 0  9998
2 43884  97.6382 285.4480 0003173 102.6968 257.4617 15.12299974274151
0 LEMUR 2 REMY-COLTON
1 43884U 18111J   24013.20305954  .00019518  00000-0  11283-2 0  9998
2 43884  97.6379 285.9112 0003197 103.9383 256.2203 15.12319158274228
0 LEMUR 2 REMY-COLTON
1 43884U 18111J   24013.26922481  .00019696  00000-0  11384-2 0  9993
2 43884  97.6378 285.9775 0003190 103.4900 256.6685 15.12322098274231
0 LEMUR 2 GUSTAVO
1 43885U 18111K   24008.30965475  .00012363  00000-0  73136-3 0  9991
2 43885  97.6363 280.2739 0014794 154.1123 206.0850 15.11503085275438
0 LEMUR 2 GUSTAVO
1 43885U 18111K   24008.30965475  .00012363  00000-0  73136-3 0  9991
2 43885  97.6363 280.2739 0014794 154.1123 206.0850 15.11503085273436
0 LEMUR 2 GUSTAVO
1 43885U 18111K   24008.70686002  .00013921  00000-0  82258-3 0  9997
2 43885  97.6364 280.6706 0014786 152.8157 207.3850 15.11515510275496
0 LEMUR 2 GUSTAVO
1 43885U 18111K   24009.30266206  .00015311  00000-0  90365-3 0  9997
2 43885  97.6367 281.2657 0014829 150.8402 209.3659 15.11534093275586
0 LEMUR 2 GUSTAVO
1 43885U 18111K   24009.69985914  .00016256  00000-0  95872-3 0  9990
2 43885  97.6370 281.6624 0014904 149.5358 210.6741 15.11547634275646
0 LEMUR 2 GUSTAVO
1 43885U 18111K   24009.69985914  .00016256  00000-0  95872-3 0  9990
2 43885  97.6370 281.6624 0014904 149.5358 210.6741 15.11547634273644
0 LEMUR 2 GUSTAVO
1 43885U 18111K   24010.29564811  .00015887  00000-0  93652-3 0  9990
2 43885  97.6373 282.2574 0015010 147.5414 212.6742 15.11566942275736
0 LEMUR 2 GUSTAVO
1 43885U 18111K   24011.28861050  .00018814  00000-0  11067-2 0  9997
2 43885  97.6375 283.2497 0015060 143.8103 216.4149 15.11606423275880
0 LEMUR 2 GUSTAVO
1 43885U 18111K   24011.28861050  .00018814  00000-0  11067-2 0  9997
2 43885  97.6375 283.2497 0015060 143.8103 216.4149 15.11606423273888
0 LEMUR 2 GUSTAVO
1 43885U 18111K   24011.68578797  .00019766  00000-0  11618-2 0  9993
2 43885  97.6375 283.6468 0015122 142.3800 217.8491 15.11623490275944
0 LEMUR 2 GUSTAVO
1 43885U 18111K   24012.28154574  .00019783  00000-0  11619-2 0  9993
2 43885  97.6373 284.2420 0015245 140.3189 219.9159 15.11648376276036
0 LEMUR 2 GUSTAVO
1 43885U 18111K   24012.74490641  .00019339  00000-0  11354-2 0  9995
2 43885  97.6372 284.7051 0015330 138.7020 221.5372 15.11667009276108
0 LEMUR 2 GUSTAVO
1 43885U 18111K   24012.74490641  .00019339  00000-0  11354-2 0  9995
2 43885  97.6372 284.7051 0015330 138.7020 221.5372 15.11667009274106
0 LEMUR 2 GUSTAVO
1 43885U 18111K   24013.27445450  .00019173  00000-0  11250-2 0  9993
2 43885  97.6370 285.2343 0015419 136.9722 223.2716 15.11687792276183
0 LEMUR 2 ZO
1 43886U 18111L   24008.30616494  .00012439  00000-0  73839-3 0  9990
2 43886  97.6258 280.0026 0012500 170.9564 189.1893 15.11402138275443
0 LEMUR 2 ZO
1 43886U 18111L   24008.30616494  .00012439  00000-0  73839-3 0  9990
2 43886  97.6258 280.0026 0012500 170.9564 189.1893 15.11402138273441
0 LEMUR 2 ZO
1 43886U 18111L   24008.70339659  .00013917  00000-0  82523-3 0  9991
2 43886  97.6261 280.3987 0012555 169.7166 190.4323 15.11414688275503
0 LEMUR 2 ZO
1 43886U 18111L   24009.29923841  .00015109  00000-0  89496-3 0  9999
2 43886  97.6264 280.9930 0012598 167.6249 192.5293 15.11433072275592
0 LEMUR 2 ZO
1 43886U 18111L   24009.76266552  .00016326  00000-0  96613-3 0  9991
2 43886  97.6266 281.4554 0012628 165.9357 194.2226 15.11449276275663
0 LEMUR 2 ZO
1 43886U 18111L   24009.76266552  .00016326  00000-0  96613-3 0  9991
2 43886  97.6266 281.4554 0012628 165.9357 194.2226 15.11449276273661
0 LEMUR 2 ZO
1 43886U 18111L   24010.29229075  .00015841  00000-0  93718-3 0  9994
2 43886  97.6268 281.9838 0012642 163.8981 196.2653 15.11466346275743
0 LEMUR 2 ZO
1 43886U 18111L   24011.28531951  .00018624  00000-0  10995-2 0  9990
2 43886  97.6269 282.9749 0012736 160.0272 200.1459 15.11505266275892
0 LEMUR 2 ZO
1 43886U 18111L   24011.28531951  .00018624  00000-0  10995-2 0  9990
2 43886  97.6269 282.9749 0012736 160.0272 200.1459 15.11505266273890
0 LEMUR 2 ZO
1 43886U 18111L   24011.74872393  .00019445  00000-0  11470-2 0  9990
2 43886  97.6270 283.4369 0012888 158.3513 201.8265 15.11524551275963
0 LEMUR 2 ZO
1 43886U 18111L   24012.27832173  .00019405  00000-0  11439-2 0  9992
2 43886  97.6269 283.9653 0013062 156.6287 203.5539 15.11545893276041
0 LEMUR 2 ZO
1 43886U 18111L   24012.74171405  .00018588  00000-0  10955-2 0  9991
2 43886  97.6268 284.4279 0013150 155.1004 205.0863 15.11563404276112
0 LEMUR 2 ZO
1 43886U 18111L   24012.74171405  .00018588  00000-0  10955-2 0  9991
2 43886  97.6268 284.4279 0013150 155.1004 205.0863 15.11563404274110
0 LEMUR 2 ZO
1 43886U 18111L   24013.27129815  .00019143  00000-0  11273-2 0  9990
2 43886  97.6266 284.9564 0013234 153.2549 206.9366 15.11584964276198
0 LEMUR 2 ZO
1 43886U 18111L   24013.73467818  .00019706  00000-0  11596-2 0  9992
2 43886  97.6263 285.4188 0013270 151.7210 208.4742 15.11604267276263
0 LEMUR 2 NATALIEMURRAY
1 43887U 18111M   24008.30524798  .00012684  00000-0  74469-3 0  9998
2 43887  97.6389 281.1476 0011340 120.6661 239.5688 15.11807392275477
0 LEMUR 2 NATALIEMURRAY
1 43887U 18111M   24009.29805453  .00015380  00000-0  90107-3 0  9990
2 43887  97.6394 282.1401 0011455 117.5023 242.7373 15.11838801275629
0 LEMUR 2 NATALIEMURRAY
1 43887U 18111M   24009.29805453  .00015380  00000-0  90107-3 0  9990
2 43887  97.6394 282.1401 0011455 117.5023 242.7373 15.11838801275629
0 LEMUR 2 NATALIEMURRAY
1 43887U 18111M   24009.69517126  .00016257  00000-0  95174-3 0  9994
2 43887  97.6395 282.5373 0011519 116.2482 243.9933 15.11852437275680
0 LEMUR 2 NATALIEMURRAY
1 43887U 18111M   24010.29083974  .00015618  00000-0  91407-3 0  9996
2 43887  97.6395 283.1331 0011600 114.4872 245.7569 15.11871319275770
0 LEMUR 2 NATALIEMURRAY
1 43887U 18111M   24010.68794744  .00016569  00000-0  96895-3 0  9995
2 43887  97.6397 283.5301 0011646 113.4069 246.8387 15.11886012275833
0 LEMUR 2 NATALIEMURRAY
1 43887U 18111M   24011.28360080  .00019166  00000-0  11190-2 0  9994
2 43887  97.6396 284.1257 0011735 111.5228 248.7254 15.11911699275928
0 LEMUR 2 NATALIEMURRAY
1 43887U 18111M   24011.74687985  .00020261  00000-0  11818-2 0  9996
2 43887  97.6395 284.5890 0011766 109.9051 250.3448 15.11932426275995
0 LEMUR 2 NATALIEMURRAY
1 43887U 18111M   24011.74687985  .00020261  00000-0  11818-2 0  9996
2 43887  97.6395 284.5890 0011766 109.9051 250.3448 15.11932426275995
0 LEMUR 2 NATALIEMURRAY
1 43887U 18111M   24012.27633378  .00020747  00000-0  12092-2 0  9996
2 43887  97.6393 285.1184 0011862 108.3535 251.8986 15.11956008276078
0 LEMUR 2 NATALIEMURRAY
1 43887U 18111M   24012.73960013  .00019361  00000-0  11283-2 0  9997
2 43887  97.6390 285.5816 0011890 106.7939 253.4596 15.11973797276149
0 LEMUR 2 NATALIEMURRAY
1 43887U 18111M   24013.33521942  .00019412  00000-0  11305-2 0  9990
2 43887  97.6388 286.1774 0011955 105.7024 254.5526 15.11998163276231
0 LEMUR 2 NATALIEMURRAY
1 43887U 18111M   24013.33521942  .00019412  00000-0  11305-2 0  9990
2 43887  97.6388 286.1774 0011955 105.7024 254.5526 15.11998163276231
0 LEMUR 2 SARAHBETTYBOO
1 43888U 18111N   24008.29171422  .00012786  00000-0  73861-3 0  9997
2 43888  97.6734 283.4357 0010277 201.9643 158.1148 15.12404167275499
0 LEMUR 2 SARAHBETTYBOO
1 43888U 18111N   24008.75484355  .00014132  00000-0  81542-3 0  9992
2 43888  97.6735 283.9011 0010314 200.0587 160.0239 15.12419104275569
0 LEMUR 2 SARAHBETTYBOO
1 43888U 18111N   24009.21796845  .00015584  00000-0  89829-3 0  9992
2 43888  97.6736 284.3668 0010323 198.3508 161.7351 15.12434425275639
0 LEMUR 2 SARAHBETTYBOO
1 43888U 18111N   24009.28412885  .00015422  00000-0  88894-3 0  9990
2 43888  97.6736 284.4333 0010324 198.0549 162.0316 15.12436273275641
0 LEMUR 2 SARAHBETTYBOO
1 43888U 18111N   24009.68108909  .00015886  00000-0  91518-3 0  9994
2 43888  97.6737 284.8323 0010364 196.3782 163.7115 15.12449124275700
0 LEMUR 2 SARAHBETTYBOO
1 43888U 18111N   24010.34268187  .00015644  00000-0  90081-3 0  9990
2 43888  97.6735 285.4973 0010332 194.0996 165.9947 15.12470034275805
0 LEMUR 2 SARAHBETTYBOO
1 43888U 18111N   24010.34268187  .00015644  00000-0  90081-3 0  9990
2 43888  97.6735 285.4973 0010332 194.0996 165.9947 15.12470034275805
0 LEMUR 2 SARAHBETTYBOO
1 43888U 18111N   24011.26889291  .00018887  00000-0  10851-2 0  9995
2 43888  97.6732 286.4281 0010549 190.7560 169.3447 15.12507562275940
0 LEMUR 2 SARAHBETTYBOO
1 43888U 18111N   24011.26889291  .00018887  00000-0  10851-2 0  9995
2 43888  97.6732 286.4281 0010549 190.7560 169.3447 15.12507562275940
0 LEMUR 2 SARAHBETTYBOO
1 43888U 18111N   24011.73198962  .00019876  00000-0  11409-2 0  9994
2 43888  97.6731 286.8935 0010660 189.2084 170.8952 15.12527648276011
0 LEMUR 2 SARAHBETTYBOO
1 43888U 18111N   24012.32739125  .00020198  00000-0  11584-2 0  9995
2 43888  97.6730 287.4922 0010761 187.2433 172.8644 15.12552337276104
0 LEMUR 2 SARAHBETTYBOO
1 43888U 18111N   24012.32739125  .00020198  00000-0  11584-2 0  9995
2 43888  97.6730 287.4922 0010761 187.2433 172.8644 15.12552337276104
0 LEMUR 2 SARAHBETTYBOO
1 43888U 18111N   24012.72432055  .00019951  00000-0  11438-2 0  9994
2 43888  97.6728 287.8912 0010851 185.8015 174.3092 15.12568176276162
0 LEMUR 2 SARAHBETTYBOO
1 43888U 18111N   24013.18739932  .00020408  00000-0  11692-2 0  9990
2 43888  97.6727 288.3568 0010895 184.4075 175.7061 15.12587218276230
0 LEMUR 2 SARAHBETTYBOO
1 43888U 18111N   24013.71662514  .00021978  00000-0  12578-2 0  9997
2 43888  97.6725 288.8890 0010937 182.6050 177.5125 15.12609953276312
0 LEMUR 2 DAISY-HARPER
1 43889U 18111P   24008.29299638  .00016809  00000-0  93407-3 0  9996
2 43889  97.6612 283.2936 0008349 197.0413 163.0539 15.13746008275508
0 LEMUR 2 DAISY-HARPER
1 43889U 18111P   24008.75571495  .00018433  00000-0  10232-2 0  9990
2 43889  97.6613 283.7590 0008383 195.1762 164.9218 15.13764950275571
0 LEMUR 2 DAISY-HARPER
1 43889U 18111P   24008.75571495  .00018433  00000-0  10232-2 0  9990
2 43889  97.6613 283.7590 0008383 195.1762 164.9218 15.13764950275571
0 LEMUR 2 DAISY-HARPER
1 43889U 18111P   24009.28452916  .00019980  00000-0  11078-2 0  9992
2 43889  97.6614 284.2907 0008473 192.8328 167.2689 15.13786999275656
0 LEMUR 2 DAISY-HARPER
1 43889U 18111P   24009.74723518  .00020876  00000-0  11565-2 0  9999
2 43889  97.6615 284.7563 0008562 190.9481 169.1565 15.13807127275727
0 LEMUR 2 DAISY-HARPER
1 43889U 18111P   24010.20993522  .00020668  00000-0  11444-2 0  9991
2 43889  97.6615 285.2216 0008630 189.2582 170.8491 15.13826145275792
0 LEMUR 2 DAISY-HARPER
1 43889U 18111P   24010.27603462  .00020680  00000-0  11450-2 0  9990
2 43889  97.6615 285.2880 0008680 188.9768 171.1309 15.13829124275800
0 LEMUR 2 DAISY-HARPER
1 43889U 18111P   24011.33360626  .00023480  00000-0  12969-2 0  9997
2 43889  97.6615 286.3520 0009210 185.0001 175.1140 15.13882834275962
0 LEMUR 2 DAISY-HARPER
1 43889U 18111P   24011.33360626  .00023480  00000-0  12969-2 0  9997
2 43889  97.6615 286.3520 0009210 185.0001 175.1140 15.13882834275962
0 LEMUR 2 DAISY-HARPER
1 43889U 18111P   24011.73018519  .00026324  00000-0  14520-2 0  9997
2 43889  97.6612 286.7509 0009102 184.0631 176.0527 15.13907243276027
0 LEMUR 2 DAISY-HARPER
1 43889U 18111P   24012.25894850  .00025811  00000-0  14227-2 0  9999
2 43889  97.6610 287.2827 0009301 182.4271 177.6916 15.13935923276101
0 LEMUR 2 DAISY-HARPER
1 43889U 18111P   24012.25894850  .00025811  00000-0  14227-2 0  9999
2 43889  97.6610 287.2827 0009301 182.4271 177.6916 15.13935923276101
0 LEMUR 2 DAISY-HARPER
1 43889U 18111P   24012.72160873  .00026497  00000-0  14593-2 0  9999
2 43889  97.6609 287.7484 0009275 180.8189 179.3028 15.13960108276176
0 LEMUR 2 DAISY-HARPER
1 43889U 18111P   24013.31644619  .00026662  00000-0  14670-2 0  9990
2 43889  97.6608 288.3464 0009294 179.0246 181.1005 15.13992553276260
0 LEMUR 2 DAISY-HARPER
1 43889U 18111P   24013.31644619  .00026662  00000-0  14670-2 0  9990
2 43889  97.6608 288.3464 0009294 179.0246 181.1005 15.13992553276260
0 LEMUR-2-DAYWZAGOODDAY
1 46501U 20068R   24008.33645609  .00020026  00000-0  76515-3 0  9999
2 46501  97.7795 329.1892 0009535 126.6555 233.5561 15.26620027180339
0 LEMUR-2-DAYWZAGOODDAY
1 46501U 20068R   24008.79527477  .00023266  00000-0  88748-3 0  9991
2 46501  97.7796 329.6672 0009550 125.2278 234.9855 15.26641221180403
0 LEMUR-2-DAYWZAGOODDAY
1 46501U 20068R   24008.86081966  .00023627  00000-0  90109-3 0  9992
2 46501  97.7795 329.7354 0009552 125.0428 235.1707 15.26644941180419
0 LEMUR-2-DAYWZAGOODDAY
1 46501U 20068R   24009.45071748  .00025728  00000-0  97973-3 0  9995
2 46501  97.7797 330.3495 0009638 123.7589 236.4568 15.26676159180508
0 LEMUR-2-DAYWZAGOODDAY
1 46501U 20068R   24009.84397617  .00027453  00000-0  10443-2 0  9997
2 46501  97.7798 330.7591 0009618 122.2513 237.9658 15.26697833180563
0 LEMUR-2-DAYWZAGOODDAY
1 46501U 20068R   24009.84397617  .00027453  00000-0  10443-2 0  9997
2 46501  97.7798 330.7591 0009618 122.2513 237.9658 15.26697833180563
0 LEMUR-2-DAYWZAGOODDAY
1 46501U 20068R   24010.43385312  .00026557  00000-0  10094-2 0  9999
2 46501  97.7802 331.3731 0009709 120.8616 239.3578 15.26730724180655
0 LEMUR-2-DAYWZAGOODDAY
1 46501U 20068R   24011.41694942  .00030504  00000-0  11560-2 0  9996
2 46501  97.7808 332.3972 0009837 118.2333 241.9899 15.26796687180800
0 LEMUR-2-DAYWZAGOODDAY
1 46501U 20068R   24011.41694942  .00030504  00000-0  11560-2 0  9996
2 46501  97.7808 332.3972 0009837 118.2333 241.9899 15.26796687180800
0 LEMUR-2-DAYWZAGOODDAY
1 46501U 20068R   24011.87571318  .00031945  00000-0  12091-2 0  9997
2 46501  97.7811 332.8749 0009885 116.9801 243.2447 15.26827777180875
0 LEMUR-2-DAYWZAGOODDAY
1 46501U 20068R   24012.40000264  .00031760  00000-0  12008-2 0  9997
2 46501  97.7812 333.4209 0009938 115.5412 244.6855 15.26864651180955
0 LEMUR-2-DAYWZAGOODDAY
1 46501U 20068R   24012.79321237  .00031587  00000-0  11934-2 0  9999
2 46501  97.7815 333.8305 0009984 114.9138 245.3139 15.26888656181010
0 LEMUR-2-DAYWZAGOODDAY
1 46501U 20068R   24012.85874701  .00031566  00000-0  11925-2 0  9992
2 46501  97.7813 333.8991 0009953 114.4040 245.8238 15.26892520181023
0 LEMUR-2-DAYWZAGOODDAY
1 46501U 20068R   24013.44854769  .00032455  00000-0  12244-2 0  9993
2 46501  97.7812 334.5141 0009913 111.6779 248.5515 15.26932418181110
0 LEMUR-2-DAYWZAGOODDAY
1 46501U 20068R   24013.84174001  .00033423  00000-0  12597-2 0  9998
2 46501  97.7814 334.9238 0009931 110.6702 249.5602 15.26958070181174
0 LEMUR-2-NICHOL
1 46503U 20068T   24008.44450710  .00019405  00000-0  78138-3 0  9992
2 46503  97.7801 328.3687 0009339 133.3845 226.8171 15.24875910180301
0 LEMUR-2-NICHOL
1 46503U 20068T   24008.83823009  .00020901  00000-0  84076-3 0  9991
2 46503  97.7801 328.7776 0009402 132.3296 227.8739 15.24893480180363
0 LEMUR-2-NICHOL
1 46503U 20068T   24009.42880516  .00023493  00000-0  94341-3 0  9998
2 46503  97.7806 329.3911 0009508 130.6235 229.5830 15.24923166180453
0 LEMUR-2-NICHOL
1 46503U 20068T   24009.42880516  .00023493  00000-0  94341-3 0  9998
2 46503  97.7806 329.3911 0009508 130.6235 229.5830 15.24923166180453
0 LEMUR-2-NICHOL
1 46503U 20068T   24009.82251603  .00024315  00000-0  97568-3 0  9999
2 46503  97.7808 329.8000 0009518 129.0973 231.1112 15.24942182180519
0 LEMUR-2-NICHOL
1 46503U 20068T   24010.41307225  .00022956  00000-0  92063-3 0  9992
2 46503  97.7812 330.4132 0009623 127.5912 232.6199 15.24971479180603
0 LEMUR-2-NICHOL
1 46503U 20068T   24010.80676981  .00025404  00000-0  10175-2 0  9997
2 46503  97.7813 330.8223 0009629 126.3024 233.9103 15.24992890180661
0 LEMUR-2-NICHOL
1 46503U 20068T   24011.39730447  .00026544  00000-0  10617-2 0  9997
2 46503  97.7813 331.4358 0009714 124.7843 235.4310 15.25029427180758
0 LEMUR-2-NICHOL
1 46503U 20068T   24011.85659967  .00028674  00000-0  11453-2 0  9990
2 46503  97.7818 331.9131 0009805 124.0608 236.1561 15.25057500180827
0 LEMUR-2-NICHOL
1 46503U 20068T   24011.85659967  .00028674  00000-0  11453-2 0  9990
2 46503  97.7818 331.9131 0009805 124.0608 236.1561 15.25057500180827
0 LEMUR-2-NICHOL
1 46503U 20068T   24012.38149836  .00029009  00000-0  11575-2 0  9996
2 46503  97.7817 332.4579 0009764 122.1342 238.0843 15.25090367180907
0 LEMUR-2-NICHOL
1 46503U 20068T   24012.84077683  .00029202  00000-0  11643-2 0  9998
2 46503  97.7815 332.9355 0009672 119.4411 240.7792 15.25115858180979
0 LEMUR-2-NICHOL
1 46503U 20068T   24013.43126419  .00029592  00000-0  11784-2 0  9994
2 46503  97.7819 333.5489 0009739 117.7122 242.5104 15.25152883181069
0 LEMUR-2-NICHOL
1 46503U 20068T   24013.43126419  .00029592  00000-0  11784-2 0  9994
2 46503  97.7819 333.5489 0009739 117.7122 242.5104 15.25152883181069
0 LEMUR 2 AMANDA-SVANTE
1 48269U 21034B   24008.47069836  .00006869  00000-0  62727-3 0  9992
2 48269  97.6856  76.8515 0002890  19.8364 340.2968 14.95360201146457
0 LEMUR 2 AMANDA-SVANTE
1 48269U 21034B   24008.80527276  .00007371  00000-0  67260-3 0  9992
2 48269  97.6856  77.1796 0002865  18.9048 341.2279 14.95366064146508
0 LEMUR 2 AMANDA-SVANTE
1 48269U 21034B   24008.93910201  .00007506  00000-0  68478-3 0  9992
2 48269  97.6856  77.3109 0002844  18.5020 341.6304 14.95368378146526
0 LEMUR 2 AMANDA-SVANTE
1 48269U 21034B   24009.60824618  .00008056  00000-0  73433-3 0  9991
2 48269  97.6856  77.9670 0002825  16.1599 343.9712 14.95379746146629
0 LEMUR 2 AMANDA-SVANTE
1 48269U 21034B   24009.80898856  .00008093  00000-0  73764-3 0  9996
2 48269  97.6857  78.1640 0002826  15.4053 344.7253 14.95382785146657
0 LEMUR 2 AMANDA-SVANTE
1 48269U 21034B   24009.87590250  .00007973  00000-0  72671-3 0  9992
2 48269  97.6858  78.2296 0002814  14.7931 345.3371 14.95383585146668
0 LEMUR 2 AMANDA-SVANTE
1 48269U 21034B   24010.14355796  .00007986  00000-0  72785-3 0  9998
2 48269  97.6857  78.4920 0002797  13.7829 346.3468 14.95388191146709
0 LEMUR 2 AMANDA-SVANTE
1 48269U 21034B   24011.14725763  .00009380  00000-0  85339-3 0  9993
2 48269  97.6854  79.4761 0002735   9.3139 350.8132 14.95408249146858
0 LEMUR 2 AMANDA-SVANTE
1 48269U 21034B   24011.14725763  .00009380  00000-0  85339-3 0  9993
2 48269  97.6854  79.4761 0002735   9.3139 350.8132 14.95408249146858
0 LEMUR 2 AMANDA-SVANTE
1 48269U 21034B   24011.74947069  .00009484  00000-0  86249-3 0  9990
2 48269  97.6851  80.0664 0002691   7.0077 353.1181 14.95420467146948
0 LEMUR 2 AMANDA-SVANTE
1 48269U 21034B   24012.15094355  .00009261  00000-0  84219-3 0  9995
2 48269  97.6849  80.4600 0002673   4.9356 355.1891 14.95428083147005
0 LEMUR 2 AMANDA-SVANTE
1 48269U 21034B   24012.15094355  .00009261  00000-0  84219-3 0  9995
2 48269  97.6849  80.4600 0002673   4.9356 355.1891 14.95428083147005
0 LEMUR 2 AMANDA-SVANTE
1 48269U 21034B   24012.75314890  .00008955  00000-0  81433-3 0  9994
2 48269  97.6844  81.0501 0002617   2.1187 358.0045 14.95439481147093
0 LEMUR 2 AMANDA-SVANTE
1 48269U 21034B   24013.15461649  .00008956  00000-0  81427-3 0  9998
2 48269  97.6840  81.4434 0002596 359.7956   0.3264 14.95447247147155
0 LEMUR 2 AMANDA-SVANTE
1 48269U 21034B   24013.15461649  .00008956  00000-0  81427-3 0  9998
2 48269  97.6840  81.4434 0002596 359.7956   0.3264 14.95447247147155
0 LEMUR 2 SPECIAL K
1 48273U 21034F   24008.15269214  .00007809  00000-0  70674-3 0  9999
2 48273  97.6857  76.6426 0003444  12.5528 347.5778 14.95667970146429
0 LEMUR 2 SPECIAL K
1 48273U 21034F   24008.75480144  .00008312  00000-0  75168-3 0  9995
2 48273  97.6856  77.2334 0003401   9.7124 350.4162 14.95678452146513
0 LEMUR 2 SPECIAL K
1 48273U 21034F   24008.75480144  .00008312  00000-0  75168-3 0  9995
2 48273  97.6856  77.2334 0003401   9.7124 350.4162 14.95678452146513
0 LEMUR 2 SPECIAL K
1 48273U 21034F   24009.15620502  .00008703  00000-0  78667-3 0  9995
2 48273  97.6854  77.6272 0003372   7.5732 352.5539 14.95685997146573
0 LEMUR 2 SPECIAL K
1 48273U 21034F   24009.69140673  .00009342  00000-0  84376-3 0  9994
2 48273  97.6853  78.1527 0003301   4.9532 355.1722 14.95696592146657
0 LEMUR 2 SPECIAL K
1 48273U 21034F   24010.15970550  .00009119  00000-0  82357-3 0  9991
2 48273  97.6849  78.6120 0003253   2.7943 357.3296 14.95704652146729
0 LEMUR 2 SPECIAL K
1 48273U 21034F   24010.15970550  .00009119  00000-0  82357-3 0  9991
2 48273  97.6849  78.6120 0003253   2.7943 357.3296 14.95704652146729
0 LEMUR 2 SPECIAL K
1 48273U 21034F   24011.16319218  .00011328  00000-0  10209-2 0  9992
2 48273  97.6842  79.5962 0003124 357.4543   2.6662 14.95727971146871
0 LEMUR 2 SPECIAL K
1 48273U 21034F   24011.16319218  .00011328  00000-0  10209-2 0  9992
2 48273  97.6842  79.5962 0003124 357.4543   2.6662 14.95727971146871
0 LEMUR 2 SPECIAL K
1 48273U 21034F   24011.76527604  .00012328  00000-0  11100-2 0  9990
2 48273  97.6837  80.1866 0002988 354.5262   5.5926 14.95743512146963
0 LEMUR 2 SPECIAL K
1 48273U 21034F   24012.16666206  .00012067  00000-0  10864-2 0  9993
2 48273  97.6835  80.5802 0003000 353.1524   6.9656 14.95753739147022
0 LEMUR 2 SPECIAL K
1 48273U 21034F   24012.16666206  .00012067  00000-0  10864-2 0  9993
2 48273  97.6835  80.5802 0003000 353.1524   6.9656 14.95753739147022
0 LEMUR 2 SPECIAL K
1 48273U 21034F   24012.70183902  .00012050  00000-0  10845-2 0  9991
2 48273  97.6831  81.1051 0002947 350.2862   9.8301 14.95767157147100
0 LEMUR 2 SPECIAL K
1 48273U 21034F   24013.17011494  .00012356  00000-0  11115-2 0  9999
2 48273  97.6828  81.5640 0003005 348.3159  11.7992 14.95779574147178
0 LEMUR 2 SPECIAL K
1 48273U 21034F   24013.17011494  .00012356  00000-0  11115-2 0  9999
2 48273  97.6828  81.5640 0003005 348.3159  11.7992 14.95779574147178
0 LEMUR 2 EMBRIONOVIS
1 56970U 23084AQ  24008.33116820  .00007837  00000-0  40500-3 0  9999
2 56970  97.5334 127.7910 0014465 207.5403 152.5065 15.16465379 31711
0 LEMUR 2 EMBRIONOVIS
1 56970U 23084AQ  24008.33116820  .00007837  00000-0  40500-3 0  9999
2 56970  97.5334 127.7910 0014465 207.5403 152.5065 15.16465379 31711
0 LEMUR 2 EMBRIONOVIS
1 56970U 23084AQ  24008.85904527  .00008211  00000-0  42405-3 0  9998
2 56970  97.5337 128.3153 0014322 205.6387 154.4137 15.16474966 31793
0 LEMUR 2 EMBRIONOVIS
1 56970U 23084AQ  24009.32093469  .00008588  00000-0  44323-3 0  9993
2 56970  97.5340 128.7739 0014332 203.9828 156.0739 15.16483547 31862
0 LEMUR 2 EMBRIONOVIS
1 56970U 23084AQ  24009.78282148  .00008907  00000-0  45943-3 0  9991
2 56970  97.5340 129.2324 0014362 202.2619 157.7992 15.16492470 31933
0 LEMUR 2 EMBRIONOVIS
1 56970U 23084AQ  24009.78282148  .00008907  00000-0  45943-3 0  9991
2 56970  97.5340 129.2324 0014362 202.2619 157.7992 15.16492470 31933
0 LEMUR 2 EMBRIONOVIS
1 56970U 23084AQ  24010.31068903  .00008781  00000-0  45284-3 0  9991
2 56970  97.5338 129.7565 0014407 200.5051 159.5605 15.16501678 32015
0 LEMUR 2 EMBRIONOVIS
1 56970U 23084AQ  24010.90453435  .00010889  00000-0  56029-3 0  9995
2 56970  97.5340 130.3466 0014511 198.2536 161.8178 15.16517488 32100
0 LEMUR 2 EMBRIONOVIS
1 56970U 23084AQ  24011.30042726  .00012364  00000-0  63538-3 0  9990
2 56970  97.5339 130.7399 0014471 197.1558 162.9187 15.16530168 32162
0 LEMUR 2 EMBRIONOVIS
1 56970U 23084AQ  24011.89426108  .00013431  00000-0  68946-3 0  9998
2 56970  97.5339 131.3297 0014543 195.1599 164.9200 15.16548304 32258
0 LEMUR 2 EMBRIONOVIS
1 56970U 23084AQ  24011.89426108  .00013431  00000-0  68946-3 0  9998
2 56970  97.5339 131.3297 0014543 195.1599 164.9200 15.16548304 32258
0 LEMUR 2 EMBRIONOVIS
1 56970U 23084AQ  24012.29014655  .00013834  00000-0  70973-3 0  9993
2 56970  97.5339 131.7229 0014546 193.7980 166.2858 15.16560582 32311
0 LEMUR 2 EMBRIONOVIS
1 56970U 23084AQ  24012.88396923  .00014683  00000-0  75265-3 0  9991
2 56970  97.5339 132.3130 0014514 192.1266 167.9619 15.16578522 32400
0 LEMUR 2 EMBRIONOVIS
1 56970U 23084AQ  24013.27984696  .00015416  00000-0  78963-3 0  9998
2 56970  97.5340 132.7063 0014578 190.5620 169.5309 15.16591504 32462
0 LEMUR 2 EMBRIONOVIS
1 56970U 23084AQ  24013.27984696  .00015416  00000-0  78963-3 0  9998
2 56970  97.5340 132.7063 0014578 190.5620 169.5309 15.16591504 32462
0 LEMUR 2 NAZIYAH
1 56974U 23084AU  24008.29367856  .00023681  00000-0  10489-2 0  9992
2 56974  97.5209 128.1668 0012792 200.2429 159.8301 15.21563735 31758
0 LEMUR 2 NAZIYAH
1 56974U 23084AU  24008.81978602  .00026031  00000-0  11514-2 0  9999
2 56974  97.5210 128.6925 0012843 198.4214 161.6558 15.21589723 31837
0 LEMUR 2 NAZIYAH
1 56974U 23084AU  24008.88554861  .00027121  00000-0  11992-2 0  9994
2 56974  97.5210 128.7583 0012828 198.1810 161.8969 15.21593981 31840
0 LEMUR 2 NAZIYAH
1 56974U 23084AU  24009.34588376  .00028241  00000-0  12475-2 0  9995
2 56974  97.5211 129.2183 0012806 196.4639 163.6182 15.21618314 31912
0 LEMUR 2 NAZIYAH
1 56974U 23084AU  24009.80621185  .00027312  00000-0  12059-2 0  9998
2 56974  97.5215 129.6784 0012800 194.7747 165.3117 15.21641948 31985
0 LEMUR 2 NAZIYAH
1 56974U 23084AU  24010.26653129  .00027536  00000-0  12148-2 0  9990
2 56974  97.5216 130.1389 0012709 193.3684 166.7217 15.21668438 32055
0 LEMUR 2 NAZIYAH
1 56974U 23084AU  24010.26653129  .00027536  00000-0  12148-2 0  9990
2 56974  97.5216 130.1389 0012709 193.3684 166.7217 15.21668438 32055
0 LEMUR 2 NAZIYAH
1 56974U 23084AU  24010.85835732  .00032248  00000-0  14195-2 0  9997
2 56974  97.5219 130.7307 0012738 190.8818 169.2144 15.21710401 32142
0 LEMUR 2 NAZIYAH
1 56974U 23084AU  24011.31865559  .00031580  00000-0  13891-2 0  9999
2 56974  97.5218 131.1912 0012680 189.2273 170.8732 15.21740789 32212
0 LEMUR 2 NAZIYAH
1 56974U 23084AU  24011.91045268  .00033644  00000-0  14773-2 0  9995
2 56974  97.5219 131.7824 0012785 187.2057 172.8997 15.21784692 32301
0 LEMUR 2 NAZIYAH
1 56974U 23084AU  24011.91045268  .00033644  00000-0  14773-2 0  9995
2 56974  97.5219 131.7824 0012785 187.2057 172.8997 15.21784692 32301
0 LEMUR 2 NAZIYAH
1 56974U 23084AU  24012.30497436  .00036623  00000-0  16057-2 0  9994
2 56974  97.5218 132.1769 0012772 185.9231 174.1855 15.21816371 32362
0 LEMUR 2 NAZIYAH
1 56974U 23084AU  24012.76524024  .00034307  00000-0  15034-2 0  9999
2 56974  97.5217 132.6370 0012763 184.4456 175.6668 15.21849284 32432
0 LEMUR 2 NAZIYAH
1 56974U 23084AU  24013.22549639  .00035246  00000-0  15428-2 0  9990
2 56974  97.5216 133.0970 0012705 182.9299 177.1865 15.21881968 32505
0 LEMUR 2 NAZIYAH
1 56974U 23084AU  24013.29124665  .00035089  00000-0  15358-2 0  9992
2 56974  97.5215 133.1628 0012658 182.6700 177.4470 15.21886503 32512
0 LEMUR 2 AADAM-ALIYAH
1 56977U 23084AX  24008.29229483  .00022328  00000-0  98950-3 0  9995
2 56977  97.5228 128.2258 0012853 202.5843 157.4828 15.21556741 31758
0 LEMUR 2 AADAM-ALIYAH
1 56977U 23084AX  24008.81840369  .00024453  00000-0  10822-2 0  9997
2 56977  97.5231 128.7514 0012929 200.6742 159.3972 15.21584033 31838
0 LEMUR 2 AADAM-ALIYAH
1 56977U 23084AX  24008.81840369  .00024453  00000-0  10822-2 0  9997
2 56977  97.5231 128.7514 0012929 200.6742 159.3972 15.21584033 31838
0 LEMUR 2 AADAM-ALIYAH
1 56977U 23084AX  24009.34450225  .00027376  00000-0  12096-2 0  9996
2 56977  97.5234 129.2774 0013010 198.6065 161.4697 15.21614546 31911
0 LEMUR 2 AADAM-ALIYAH
1 56977U 23084AX  24009.80482972  .00028663  00000-0  12650-2 0  9997
2 56977  97.5239 129.7379 0013082 196.7259 163.3547 15.21643197 31981
0 LEMUR 2 AADAM-ALIYAH
1 56977U 23084AX  24009.80482972  .00028663  00000-0  12650-2 0  9997
2 56977  97.5239 129.7379 0013082 196.7259 163.3547 15.21643197 31981
0 LEMUR 2 AADAM-ALIYAH
1 56977U 23084AX  24010.26514925  .00028315  00000-0  12488-2 0  9996
2 56977  97.5239 130.1983 0013016 194.9411 165.1442 15.21669617 32053
0 LEMUR 2 AADAM-ALIYAH
1 56977U 23084AX  24010.85697669  .00031823  00000-0  14009-2 0  9997
2 56977  97.5240 130.7897 0013062 192.6932 167.3976 15.21707029 32145
0 LEMUR 2 AADAM-ALIYAH
1 56977U 23084AX  24011.31727600  .00031652  00000-0  13922-2 0  9991
2 56977  97.5240 131.2502 0013079 190.9905 169.1047 15.21736855 32219
0 LEMUR 2 AADAM-ALIYAH
1 56977U 23084AX  24011.84332132  .00031491  00000-0  13837-2 0  9997
2 56977  97.5241 131.7760 0013140 189.1699 170.9299 15.21772238 32292
0 LEMUR 2 AADAM-ALIYAH
1 56977U 23084AX  24012.30360116  .00032560  00000-0  14291-2 0  9995
2 56977  97.5240 132.2366 0013147 187.6720 172.4316 15.21802541 32360
0 LEMUR 2 AADAM-ALIYAH
1 56977U 23084AX  24012.30360116  .00032560  00000-0  14291-2 0  9995
2 56977  97.5240 132.2366 0013147 187.6720 172.4316 15.21802541 32360
0 LEMUR 2 AADAM-ALIYAH
1 56977U 23084AX  24012.82962447  .00030432  00000-0  13350-2 0  9998
2 56977  97.5239 132.7625 0013130 185.9999 174.1081 15.21835122 32440
0 LEMUR 2 AADAM-ALIYAH
1 56977U 23084AX  24013.28988475  .00033106  00000-0  14502-2 0  9999
2 56977  97.5238 133.2227 0013077 184.6421 175.4696 15.21867185 32517
0 LEMUR 2 AADAM-ALIYAH
1 56977U 23084AX  24013.81588460  .00034372  00000-0  15036-2 0  9997
2 56977  97.5237 133.7487 0013051 182.7305 177.3862 15.21905106 32591
0 LEMUR 2 MANO
1 57390U 23100E   24008.03625106  .00006802  00000-0  53150-3 0  9990
2 57390  99.4883 175.8800 0015246  91.7830 268.5134 15.01456370 26078
0 LEMUR 2 MANO
1 57390U 23100E   24008.43609925  .00006695  00000-0  52319-3 0  9991
2 57390  99.4881 176.3681 0015203  90.5059 269.7901 15.01461597 26131
0 LEMUR 2 MANO
1 57390U 23100E   24009.43571169  .00008035  00000-0  62622-3 0  9998
2 57390  99.4878 177.5882 0015133  87.5640 272.7310 15.01478899 26284
0 LEMUR 2 MANO
1 57390U 23100E   24009.43571169  .00008035  00000-0  62622-3 0  9998
2 57390  99.4878 177.5882 0015133  87.5640 272.7310 15.01478899 26284
0 LEMUR 2 MANO
1 57390U 23100E   24010.43531268  .00008310  00000-0  64709-3 0  9990
2 57390  99.4876 178.8079 0015029  84.9959 275.2974 15.01495952 26432
0 LEMUR 2 MANO
1 57390U 23100E   24011.03506676  .00010245  00000-0  79570-3 0  9994
2 57390  99.4875 179.5401 0014983  83.0764 277.2158 15.01510450 26527
0 LEMUR 2 MANO
1 57390U 23100E   24011.43490017  .00009923  00000-0  77082-3 0  9996
2 57390  99.4874 180.0278 0014937  81.3110 278.9799 15.01518026 26582
0 LEMUR 2 MANO
1 57390U 23100E   24011.90136932  .00010404  00000-0  80755-3 0  9998
2 57390  99.4874 180.5971 0014881  79.8021 280.4875 15.01528692 26659
0 LEMUR 2 MANO
1 57390U 23100E   24012.43447293  .00010491  00000-0  81403-3 0  9999
2 57390  99.4873 181.2479 0014833  77.9703 282.3177 15.01540827 26731
0 LEMUR 2 MANO
1 57390U 23100E   24012.43447293  .00010491  00000-0  81403-3 0  9999
2 57390  99.4873 181.2479 0014833  77.9703 282.3177 15.01540827 26731
0 LEMUR 2 MANO
1 57390U 23100E   24012.70102349  .00010194  00000-0  79112-3 0  9993
2 57390  99.4873 181.5735 0014796  77.0045 283.2825 15.01545338 26773
0 LEMUR 2 MANO
1 57390U 23100E   24013.43403179  .00010359  00000-0  80343-3 0  9990
2 57390  99.4874 182.4683 0014730  74.4328 285.8516 15.01561683 26887
0 LEMUR 2 DEVERILL-M-T
1 57391U 23100F   24008.39573456  .00007130  00000-0  55346-3 0  9994
2 57391  99.4685 176.2452 0013781  90.6723 269.6075 15.01700126 26132
0 LEMUR 2 DEVERILL-M-T
1 57391U 23100F   24008.39573456  .00007130  00000-0  55346-3 0  9994
2 57391  99.4685 176.2452 0013781  90.6723 269.6075 15.01700126 26132
0 LEMUR 2 DEVERILL-M-T
1 57391U 23100F   24008.92877810  .00008041  00000-0  62306-3 0  9990
2 57391  99.4685 176.8949 0013852  89.0877 271.1928 15.01710375 26211
0 LEMUR 2 DEVERILL-M-T
1 57391U 23100F   24009.39518880  .00008523  00000-0  65987-3 0  9994
2 57391  99.4684 177.4635 0013906  87.0547 273.2263 15.01718672 26281
0 LEMUR 2 DEVERILL-M-T
1 57391U 23100F   24009.92822600  .00008754  00000-0  67734-3 0  9999
2 57391  99.4685 178.1132 0013967  85.4758 274.8056 15.01728620 26365
0 LEMUR 2 DEVERILL-M-T
1 57391U 23100F   24009.99485537  .00008768  00000-0  67838-3 0  9990
2 57391  99.4686 178.1945 0013976  85.3280 274.9534 15.01729825 26378
0 LEMUR 2 DEVERILL-M-T
1 57391U 23100F   24010.39463069  .00008848  00000-0  68438-3 0  9998
2 57391  99.4687 178.6817 0014010  84.1122 276.1693 15.01737022 26439
0 LEMUR 2 DEVERILL-M-T
1 57391U 23100F   24011.39405899  .00010281  00000-0  79350-3 0  9995
2 57391  99.4688 179.8997 0014065  80.7380 279.5429 15.01758948 26580
0 LEMUR 2 DEVERILL-M-T
1 57391U 23100F   24011.39405899  .00010281  00000-0  79350-3 0  9995
2 57391  99.4688 179.8997 0014065  80.7380 279.5429 15.01758948 26580
0 LEMUR 2 DEVERILL-M-T
1 57391U 23100F   24011.92708044  .00011423  00000-0  88037-3 0  9993
2 57391  99.4689 180.5494 0014127  79.2526 281.0283 15.01773405 26666
0 LEMUR 2 DEVERILL-M-T
1 57391U 23100F   24012.46009719  .00011201  00000-0  86312-3 0  9994
2 57391  99.4696 181.1990 0014143  78.2694 282.0111 15.01786519 26745
0 LEMUR 2 DEVERILL-M-T
1 57391U 23100F   24012.46009719  .00011201  00000-0  86312-3 0  9994
2 57391  99.4696 181.1990 0014143  78.2694 282.0111 15.01786519 26745
0 LEMUR 2 DEVERILL-M-T
1 57391U 23100F   24012.92648329  .00011390  00000-0  87728-3 0  9992
2 57391  99.4696 181.7675 0014186  76.8456 283.4345 15.01797762 26812
0 LEMUR 2 DEVERILL-M-T
1 57391U 23100F   24013.45949156  .00011422  00000-0  87941-3 0  9996
2 57391  99.4699 182.4172 0014208  75.3662 284.9131 15.01810897 26895
0 LEMUR 2 DEVERILL-M-T
1 57391U 23100F   24013.99249535  .00012227  00000-0  94053-3 0  9995
2 57391  99.4700 183.0669 0014245  73.7089 286.5695 15.01824383 26979
0 LEMUR 2 BASS
1 58259U 23174D   24008.20340020  .00006844  00000-0  37711-3 0  9995
2 58259  97.4733  85.0786 0013986  86.6410 273.6422 15.14238941  9294
0 LEMUR 2 BASS
1 58259U 23174D   24008.20340020  .00006844  00000-0  37711-3 0  9995
2 58259  97.4733  85.0786 0013986  86.6410 273.6422 15.14238941  9294
0 LEMUR 2 BASS
1 58259U 23174D   24008.73205228  .00007337  00000-0  40390-3 0  9998
2 58259  97.4732  85.5976 0013999  84.9964 275.2865 15.14247552  9374
0 LEMUR 2 BASS
1 58259U 23174D   24009.19462040  .00007737  00000-0  42559-3 0  9999
2 58259  97.4731  86.0517 0013999  83.4289 276.8536 15.14255135  9440
0 LEMUR 2 BASS
1 58259U 23174D   24009.72326659  .00008198  00000-0  45058-3 0  9992
2 58259  97.4729  86.5706 0013983  81.7720 278.5097 15.14264516  9529
0 LEMUR 2 BASS
1 58259U 23174D   24009.72326659  .00008198  00000-0  45058-3 0  9992
2 58259  97.4729  86.5706 0013983  81.7720 278.5097 15.14264516  9529
0 LEMUR 2 BASS
1 58259U 23174D   24010.18582957  .00008118  00000-0  44614-3 0  9998
2 58259  97.4727  87.0247 0013961  80.2700 280.0108 15.14271840  9597
0 LEMUR 2 BASS
1 58259U 23174D   24011.17702683  .00009897  00000-0  54274-3 0  9996
2 58259  97.4723  87.9978 0013849  76.9999 283.2778 15.14292033  9742
0 LEMUR 2 BASS
1 58259U 23174D   24011.17702683  .00009897  00000-0  54274-3 0  9996
2 58259  97.4723  87.9978 0013849  76.9999 283.2778 15.14292033  9742
0 LEMUR 2 BASS
1 58259U 23174D   24011.77173824  .00010809  00000-0  59214-3 0  9995
2 58259  97.4722  88.5821 0013830  75.6961 284.5805 15.14305582  9839
0 LEMUR 2 BASS
1 58259U 23174D   24012.16820983  .00010938  00000-0  59901-3 0  9990
2 58259  97.4721  88.9713 0013798  74.4059 285.8694 15.14314188  9898
0 LEMUR 2 BASS
1 58259U 23174D   24012.76291276  .00011041  00000-0  60437-3 0  9995
2 58259  97.4718  89.5550 0013756  72.5039 287.7695 15.14327604  9980
0 LEMUR 2 BASS
1 58259U 23174D   24012.76291276  .00011041  00000-0  60437-3 0  9995
2 58259  97.4718  89.5550 0013756  72.5039 287.7695 15.14327604  9980
0 LEMUR 2 BASS
1 58259U 23174D   24013.15937830  .00011410  00000-0  62424-3 0  9990
2 58259  97.4719  89.9442 0013752  71.1901 289.0822 15.14337261 10040
0 LEMUR 2 DILIGHTFUL
1 58260U 23174E   24008.52180101  .00012534  00000-0  67413-3 0  9999
2 58260  97.4797  85.4682 0013161  86.4350 273.8387 15.14929154  9342
0 LEMUR 2 DILIGHTFUL
1 58260U 23174E   24008.91810911  .00013234  00000-0  71132-3 0  9992
2 58260  97.4796  85.8581 0013133  85.1933 275.0798 15.14940282  9407
0 LEMUR 2 DILIGHTFUL
1 58260U 23174E   24009.18231297  .00013274  00000-0  71332-3 0  9992
2 58260  97.4796  86.1181 0013099  84.3753 275.8972 15.14947576  9448
0 LEMUR 2 DILIGHTFUL
1 58260U 23174E   24009.51256557  .00015290  00000-0  82061-3 0  9996
2 58260  97.4794  86.4430 0013061  83.2247 277.0471 15.14958813  9490
0 LEMUR 2 DILIGHTFUL
1 58260U 23174E   24009.90886620  .00014690  00000-0  78842-3 0  9994
2 58260  97.4795  86.8329 0012996  81.8408 278.4298 15.14969518  9554
0 LEMUR 2 DILIGHTFUL
1 58260U 23174E   24010.43726171  .00015212  00000-0  81587-3 0  9999
2 58260  97.4793  87.3528 0012979  80.1959 280.0738 15.14986266  9639
0 LEMUR 2 DILIGHTFUL
1 58260U 23174E   24010.43726171  .00015212  00000-0  81587-3 0  9999
2 58260  97.4793  87.3528 0012979  80.1959 280.0738 15.14986266  9639
0 LEMUR 2 DILIGHTFUL
1 58260U 23174E   24011.42798433  .00018972  00000-0  10150-2 0  9992
2 58260  97.4791  88.3273 0012893  76.7751 283.4919 15.15026241  9784
0 LEMUR 2 DILIGHTFUL
1 58260U 23174E   24011.49403145  .00020317  00000-0  10864-2 0  9990
2 58260  97.4791  88.3922 0012889  76.5238 283.7430 15.15030577  9797
0 LEMUR 2 DILIGHTFUL
1 58260U 23174E   24011.89031238  .00019746  00000-0  10556-2 0  9996
2 58260  97.4790  88.7819 0012869  75.2245 285.0412 15.15046243  9856
0 LEMUR 2 DILIGHTFUL
1 58260U 23174E   24012.48472530  .00019966  00000-0  10665-2 0  9991
2 58260  97.4788  89.3667 0012883  73.2244 287.0400 15.15071413  9940
0 LEMUR 2 DILIGHTFUL
1 58260U 23174E   24012.55077056  .00020228  00000-0  10803-2 0  9990
2 58260  97.4786  89.4315 0012878  72.9282 287.3360 15.15074638  9952
0 LEMUR 2 DILIGHTFUL
1 58260U 23174E   24012.88099575  .00019138  00000-0  10221-2 0  9998
2 58260  97.4786  89.7562 0012890  71.7879 288.4756 15.15086593 10004
0 LEMUR 2 DILIGHTFUL
1 58260U 23174E   24013.54143696  .00019615  00000-0  10466-2 0  9997
2 58260  97.4782  90.4059 0012939  69.7888 290.4734 15.15113338 10109
0 LEMUR 2 DILIGHTFUL
1 58260U 23174E   24013.80561034  .00019645  00000-0  10479-2 0  9993
2 58260  97.4781  90.6656 0012947  68.9617 291.2998 15.15124001 10147
0 LEMUR 2 GOOD-VIBES
1 58263U 23174H   24008.19374698  .00011231  00000-0  60710-3 0  9997
2 58263  97.4745  85.1004 0012621  89.4119 270.8559 15.14782920  9299
0 LEMUR 2 GOOD-VIBES
1 58263U 23174H   24008.52403609  .00011788  00000-0  63686-3 0  9991
2 58263  97.4744  85.4250 0012608  88.3885 271.8791 15.14790734  9344
0 LEMUR 2 GOOD-VIBES
1 58263U 23174H   24008.92038058  .00012324  00000-0  66543-3 0  9999
2 58263  97.4743  85.8147 0012585  87.0725 273.1948 15.14801068  9404
0 LEMUR 2 GOOD-VIBES
1 58263U 23174H   24009.44883565  .00012883  00000-0  69513-3 0  9998
2 58263  97.4742  86.3341 0012532  85.3712 274.8951 15.14814777  9485
0 LEMUR 2 GOOD-VIBES
1 58263U 23174H   24009.51489225  .00013362  00000-0  72078-3 0  9994
2 58263  97.4741  86.3990 0012528  85.1759 275.0903 15.14816957  9491
0 LEMUR 2 GOOD-VIBES
1 58263U 23174H   24009.91122983  .00013289  00000-0  71667-3 0  9994
2 58263  97.4740  86.7886 0012472  83.8738 276.3915 15.14827354  9555
0 LEMUR 2 GOOD-VIBES
1 58263U 23174H   24010.43967535  .00013794  00000-0  74339-3 0  9993
2 58263  97.4739  87.3080 0012439  82.2023 278.0620 15.14842353  9636
0 LEMUR 2 GOOD-VIBES
1 58263U 23174H   24010.76995119  .00014556  00000-0  78395-3 0  9991
2 58263  97.4738  87.6324 0012402  81.0518 279.2117 15.14852768  9685
0 LEMUR 2 GOOD-VIBES
1 58263U 23174H   24011.49654799  .00018484  00000-0  99326-3 0  9999
2 58263  97.4736  88.3464 0012368  78.5883 281.6738 15.14881494  9799
0 LEMUR 2 GOOD-VIBES
1 58263U 23174H   24011.76076162  .00018672  00000-0  10030-2 0  9994
2 58263  97.4735  88.6059 0012348  77.6699 282.5914 15.14892092  9831
0 LEMUR 2 GOOD-VIBES
1 58263U 23174H   24011.89286831  .00017681  00000-0  95000-3 0  9994
2 58263  97.4735  88.7357 0012358  77.2902 282.9711 15.14895149  9854
0 LEMUR 2 GOOD-VIBES
1 58263U 23174H   24012.55339289  .00018266  00000-0  98053-3 0  9995
2 58263  97.4732  89.3849 0012361  75.0055 285.2545 15.14921048  9953
0 LEMUR 2 GOOD-VIBES
1 58263U 23174H   24012.88365146  .00017450  00000-0  93665-3 0  9990
2 58263  97.4732  89.7095 0012379  73.9702 286.2892 15.14932388 10008
0 LEMUR 2 GOOD-VIBES
1 58263U 23174H   24013.14785616  .00017865  00000-0  95852-3 0  9998
2 58263  97.4731  89.9690 0012395  73.1742 287.0849 15.14943067 10045
0 LEMUR 2 GOOD-VIBES
1 58263U 23174H   24013.61021087  .00017588  00000-0  94333-3 0  9990
2 58263  97.4728  90.4234 0012412  71.6343 288.6238 15.14958901 10112
0 LEMUR 2 SANITA-VETRA
1 58267U 23174M   24008.45019280  .00011878  00000-0  63599-3 0  9998
2 58267  97.4725  85.3549 0012054  87.3791 272.8821 15.15112639  9334
0 LEMUR 2 SANITA-VETRA
1 58267U 23174M   24008.71436660  .00012715  00000-0  68036-3 0  9994
2 58267  97.4724  85.6145 0012033  86.5284 273.7325 15.15120517  9370
0 LEMUR 2 SANITA-VETRA
1 58267U 23174M   24008.91249576  .00013820  00000-0  73895-3 0  9991
2 58267  97.4724  85.8093 0012001  85.9181 274.3423 15.15127036  9401
0 LEMUR 2 SANITA-VETRA
1 58267U 23174M   24009.44083682  .00015292  00000-0  81674-3 0  9993
2 58267  97.4723  86.3287 0011960  84.2544 276.0052 15.15143429  9488
0 LEMUR 2 SANITA-VETRA
1 58267U 23174M   24009.90313057  .00015984  00000-0  85311-3 0  9996
2 58267  97.4724  86.7834 0011932  82.7524 277.5064 15.15158378  9557
0 LEMUR 2 SANITA-VETRA
1 58267U 23174M   24010.16729631  .00015964  00000-0  85186-3 0  9993
2 58267  97.4725  87.0433 0011926  81.9506 278.3079 15.15167119  9593
0 LEMUR 2 SANITA-VETRA
1 58267U 23174M   24010.43146036  .00016243  00000-0  86642-3 0  9994
2 58267  97.4725  87.3030 0011930  81.1183 279.1399 15.15175819  9632
0 LEMUR 2 SANITA-VETRA
1 58267U 23174M   24011.48809793  .00020010  00000-0  10647-2 0  9994
2 58267  97.4722  88.3413 0011891  77.5026 282.7536 15.15220338  9793
0 LEMUR 2 SANITA-VETRA
1 58267U 23174M   24011.48809793  .00020010  00000-0  10647-2 0  9994
2 58267  97.4722  88.3413 0011891  77.5026 282.7536 15.15220338  9793
0 LEMUR 2 SANITA-VETRA
1 58267U 23174M   24011.88432907  .00020065  00000-0  10671-2 0  9994
2 58267  97.4720  88.7305 0011894  76.2079 284.0476 15.15237258  9856
0 LEMUR 2 SANITA-VETRA
1 58267U 23174M   24012.47866732  .00020055  00000-0  10658-2 0  9991
2 58267  97.4717  89.3148 0011916  74.3018 285.9528 15.15262308  9943
0 LEMUR 2 SANITA-VETRA
1 58267U 23174M   24012.74281492  .00018611  00000-0  98919-3 0  9997
2 58267  97.4715  89.5742 0011944  73.7032 286.5513 15.15272769  9980
0 LEMUR 2 SANITA-VETRA
1 58267U 23174M   24012.94092422  .00019460  00000-0  10338-2 0  9993
2 58267  97.4715  89.7691 0011932  72.9030 287.3508 15.15280466 10013
0 LEMUR 2 SANITA-VETRA
1 58267U 23174M   24013.53524626  .00019461  00000-0  10332-2 0  9990
2 58267  97.4711  90.3532 0011969  70.9736 289.2792 15.15303884 10108
0 LEMUR 2 MARAPAMASM
1 58332U 23174CE  24008.51031591  .00017187  00000-0  86383-3 0  9992
2 58332  97.4717  85.5711 0010881  51.9859 308.2355 15.17273554  9353
0 LEMUR 2 MARAPAMASM
1 58332U 23174CE  24008.77411363  .00017688  00000-0  88860-3 0  9997
2 58332  97.4717  85.8313 0010862  51.1029 309.1172 15.17283121  9396
0 LEMUR 2 MARAPAMASM
1 58332U 23174CE  24008.90601164  .00018424  00000-0  92520-3 0  9999
2 58332  97.4717  85.9613 0010847  50.6413 309.5780 15.17288541  9417
0 LEMUR 2 MARAPAMASM
1 58332U 23174CE  24009.49954741  .00021044  00000-0  10552-2 0  9992
2 58332  97.4717  86.5467 0010797  48.4052 311.8105 15.17313526  9508
0 LEMUR 2 MARAPAMASM
1 58332U 23174CE  24009.82928548  .00020544  00000-0  10299-2 0  9997
2 58332  97.4717  86.8720 0010782  47.1421 313.0717 15.17326356  9556
0 LEMUR 2 MARAPAMASM
1 58332U 23174CE  24010.15902028  .00021081  00000-0  10562-2 0  9990
2 58332  97.4717  87.1972 0010779  46.0911 314.1211 15.17341146  9608
0 LEMUR 2 MARAPAMASM
1 58332U 23174CE  24010.42280570  .00021251  00000-0  10643-2 0  9990
2 58332  97.4717  87.4574 0010785  45.1805 315.0304 15.17352540  9645
0 LEMUR 2 MARAPAMASM
1 58332U 23174CE  24011.47792442  .00023982  00000-0  11983-2 0  9993
2 58332  97.4714  88.4978 0010800  42.2050 318.0013 15.17408084  9802
0 LEMUR 2 MARAPAMASM
1 58332U 23174CE  24011.54386829  .00024850  00000-0  12413-2 0  9993
2 58332  97.4713  88.5628 0010801  42.0540 318.1521 15.17411838  9814
0 LEMUR 2 MARAPAMASM
1 58332U 23174CE  24011.74169803  .00024895  00000-0  12431-2 0  9995
2 58332  97.4712  88.7578 0010791  41.5871 318.6181 15.17423421  9849
0 LEMUR 2 MARAPAMASM
1 58332U 23174CE  24012.53300420  .00023578  00000-0  11764-2 0  9990
2 58332  97.4707  89.5382 0010742  38.9328 321.2677 15.17463113  9963
0 LEMUR 2 MARAPAMASM
1 58332U 23174CE  24012.73082750  .00023603  00000-0  11773-2 0  9994
2 58332  97.4706  89.7332 0010722  38.3488 321.8506 15.17473604  9994
0 LEMUR 2 MARAPAMASM
1 58332U 23174CE  24012.92864932  .00024873  00000-0  12399-2 0  9990
2 58332  97.4705  89.9285 0010725  37.6056 322.5926 15.17483668 10029
0 LEMUR 2 MARAPAMASM
1 58332U 23174CE  24013.52210761  .00024114  00000-0  12013-2 0  9993
2 58332  97.4700  90.5135 0010664  35.2418 324.9518 15.17512721 10110
0 LEMUR 2 THE-CLEANER
1 58333U 23174CF  24008.18879003  .00012727  00000-0  64967-3 0  9993
2 58333  97.4725  85.2417 0010896  52.2456 307.9763 15.16796293  9309
0 LEMUR 2 THE-CLEANER
1 58333U 23174CF  24008.78252011  .00013226  00000-0  67472-3 0  9992
2 58333  97.4724  85.8273 0010752  50.7898 309.4288 15.16811625  9393
0 LEMUR 2 THE-CLEANER
1 58333U 23174CF  24008.78252011  .00013226  00000-0  67472-3 0  9992
2 58333  97.4724  85.8273 0010752  50.7898 309.4288 15.16811625  9393
0 LEMUR 2 THE-CLEANER
1 58333U 23174CF  24009.17833631  .00014164  00000-0  72197-3 0  9991
2 58333  97.4723  86.2174 0010717  49.2997 310.9165 15.16823882  9457
0 LEMUR 2 THE-CLEANER
1 58333U 23174CF  24009.77205473  .00016262  00000-0  82773-3 0  9996
2 58333  97.4722  86.8027 0010647  46.9403 313.2719 15.16843510  9548
0 LEMUR 2 THE-CLEANER
1 58333U 23174CF  24010.16786293  .00016064  00000-0  81741-3 0  9999
2 58333  97.4722  87.1928 0010665  45.2166 314.9933 15.16855973  9609
0 LEMUR 2 THE-CLEANER
1 58333U 23174CF  24010.16786293  .00016064  00000-0  81741-3 0  9999
2 58333  97.4722  87.1928 0010665  45.2166 314.9933 15.16855973  9609
0 LEMUR 2 THE-CLEANER
1 58333U 23174CF  24011.15736656  .00019607  00000-0  99539-3 0  9997
2 58333  97.4721  88.1680 0010625  41.5476 318.6563 15.16894864  9751
0 LEMUR 2 THE-CLEANER
1 58333U 23174CF  24011.75105554  .00020344  00000-0  10318-2 0  9997
2 58333  97.4721  88.7534 0010676  39.6778 320.5234 15.16920629  9840
0 LEMUR 2 THE-CLEANER
1 58333U 23174CF  24011.75105554  .00020344  00000-0  10318-2 0  9997
2 58333  97.4721  88.7534 0010676  39.6778 320.5234 15.16920629  9840
0 LEMUR 2 THE-CLEANER
1 58333U 23174CF  24012.21280687  .00020024  00000-0  10151-2 0  9990
2 58333  97.4721  89.2082 0010670  38.3128 321.8861 15.16940059  9910
0 LEMUR 2 THE-CLEANER
1 58333U 23174CF  24012.74051602  .00019204  00000-0  97324-3 0  9997
2 58333  97.4718  89.7281 0010667  36.7003 323.4959 15.16960449  9991
0 LEMUR 2 THE-CLEANER
1 58333U 23174CF  24013.13629284  .00019493  00000-0  98730-3 0  9990
2 58333  97.4716  90.1181 0010664  35.4977 324.6964 15.16976879 10059
0 LEMUR 2 THE-CLEANER
1 58333U 23174CF  24013.20225526  .00019294  00000-0  97722-3 0  9998
2 58333  97.4715  90.1832 0010671  35.2737 324.9201 15.16979364 10061
0 LEMUR 2 JK0903EM1407
1 58336U 23174CJ  24008.20019728  .00007277  00000-0  38052-3 0  9999
2 58336  97.4727  85.2287 0011004  52.9434 307.2803 15.16109082  9306
0 LEMUR 2 JK0903EM1407
1 58336U 23174CJ  24008.20019728  .00007277  00000-0  38052-3 0  9999
2 58336  97.4727  85.2287 0011004  52.9434 307.2803 15.16109082  9306
0 LEMUR 2 JK0903EM1407
1 58336U 23174CJ  24008.72819734  .00007728  00000-0  40379-3 0  9997
2 58336  97.4727  85.7485 0010974  51.4037 308.8177 15.16118073  9388
0 LEMUR 2 JK0903EM1407
1 58336U 23174CJ  24009.19019458  .00008361  00000-0  43643-3 0  9995
2 58336  97.4724  86.2034 0010937  49.7968 310.4220 15.16126574  9454
0 LEMUR 2 JK0903EM1407
1 58336U 23174CJ  24009.71818848  .00008751  00000-0  45646-3 0  9991
2 58336  97.4724  86.7233 0010883  48.1224 312.0936 15.16136253  9534
0 LEMUR 2 JK0903EM1407
1 58336U 23174CJ  24009.71818848  .00008751  00000-0  45646-3 0  9991
2 58336  97.4724  86.7233 0010883  48.1224 312.0936 15.16136253  9534
0 LEMUR 2 JK0903EM1407
1 58336U 23174CJ  24010.18018060  .00008759  00000-0  45677-3 0  9994
2 58336  97.4721  87.1781 0010859  46.3428 313.8703 15.16144068  9605
0 LEMUR 2 JK0903EM1407
1 58336U 23174CJ  24010.77416570  .00009992  00000-0  52032-3 0  9990
2 58336  97.4720  87.7629 0010783  44.5828 315.6270 15.16157467  9696
0 LEMUR 2 JK0903EM1407
1 58336U 23174CJ  24011.17015345  .00011115  00000-0  57822-3 0  9992
2 58336  97.4719  88.1528 0010736  43.2341 316.9733 15.16166754  9755
0 LEMUR 2 JK0903EM1407
1 58336U 23174CJ  24011.76412980  .00012316  00000-0  63992-3 0  9992
2 58336  97.4717  88.7375 0010687  41.1218 319.0818 15.16181650  9844
0 LEMUR 2 JK0903EM1407
1 58336U 23174CJ  24012.16011084  .00012280  00000-0  63790-3 0  9993
2 58336  97.4716  89.1273 0010691  39.9089 320.2928 15.16191629  9901
0 LEMUR 2 JK0903EM1407
1 58336U 23174CJ  24012.16011084  .00012280  00000-0  63790-3 0  9993
2 58336  97.4716  89.1273 0010691  39.9089 320.2928 15.16191629  9901
0 LEMUR 2 JK0903EM1407
1 58336U 23174CJ  24012.75407743  .00011801  00000-0  61292-3 0  9992
2 58336  97.4715  89.7119 0010665  37.9321 322.2661 15.16206022  9992
0 LEMUR 2 JK0903EM1407
1 58336U 23174CJ  24013.21604747  .00011659  00000-0  60545-3 0  9998
2 58336  97.4714  90.1666 0010647  36.4701 323.7255 15.16217398 10063
0 LEMUR 2 JK0903EM1407
1 58336U 23174CJ  24013.21604747  .00011659  00000-0  60545-3 0  9998
2 58336  97.4714  90.1666 0010647  36.4701 323.7255 15.16217398 10063
0 LEMUR 2 MJR092620
1 58340U 23174CN  24008.19471129  .00007397  00000-0  38502-3 0  9992
2 58340  97.4786  85.2803 0012231  49.9637 310.2666 15.16255632  9308
0 LEMUR 2 MJR092620
1 58340U 23174CN  24008.72266023  .00007738  00000-0  40247-3 0  9994
2 58340  97.4786  85.8006 0012184  48.2929 311.9344 15.16264461  9381
0 LEMUR 2 MJR092620
1 58340U 23174CN  24009.18461310  .00008132  00000-0  42269-3 0  9996
2 58340  97.4784  86.2559 0012168  46.5823 313.6420 15.16272283  9456
0 LEMUR 2 MJR092620
1 58340U 23174CN  24009.18461310  .00008132  00000-0  42269-3 0  9996
2 58340  97.4784  86.2559 0012168  46.5823 313.6420 15.16272283  9456
0 LEMUR 2 MJR092620
1 58340U 23174CN  24009.71255590  .00008995  00000-0  46699-3 0  9994
2 58340  97.4784  86.7764 0012108  44.9611 315.2600 15.16282752  9539
0 LEMUR 2 MJR092620
1 58340U 23174CN  24010.17450338  .00009092  00000-0  47189-3 0  9997
2 58340  97.4781  87.2318 0012071  43.3532 316.8648 15.16290685  9602
0 LEMUR 2 MJR092620
1 58340U 23174CN  24010.63644782  .00009981  00000-0  51748-3 0  9999
2 58340  97.4781  87.6871 0012019  41.9674 318.2477 15.16300778  9671
0 LEMUR 2 MJR092620
1 58340U 23174CN  24011.16438009  .00011677  00000-0  60446-3 0  9991
2 58340  97.4778  88.2072 0011974  40.1013 320.1102 15.16314452  9754
0 LEMUR 2 MJR092620
1 58340U 23174CN  24011.75829823  .00012314  00000-0  63692-3 0  9999
2 58340  97.4777  88.7924 0011934  38.3527 321.8552 15.16329700  9848
0 LEMUR 2 MJR092620
1 58340U 23174CN  24011.75829823  .00012314  00000-0  63692-3 0  9999
2 58340  97.4777  88.7924 0011934  38.3527 321.8552 15.16329700  9848
0 LEMUR 2 MJR092620
1 58340U 23174CN  24012.15424046  .00012227  00000-0  63227-3 0  9999
2 58340  97.4775  89.1825 0011916  37.0808 323.1246 15.16339909  9903
0 LEMUR 2 MJR092620
1 58340U 23174CN  24012.74814882  .00011698  00000-0  60488-3 0  9992
2 58340  97.4775  89.7677 0011902  35.1801 325.0215 15.16354398  9996
0 LEMUR 2 MJR092620
1 58340U 23174CN  24013.14408456  .00011829  00000-0  61143-3 0  9998
2 58340  97.4775  90.1578 0011894  33.9775 326.2217 15.16364392 10057
0 LEMUR 2 MJR092620
1 58340U 23174CN  24013.21007356  .00011774  00000-0  60856-3 0  9999
2 58340  97.4774  90.2228 0011895  33.7901 326.4088 15.16366071 10064
