0 LEMUR 2 ANDIS
1 42838U 17042P   24015.06699001  .00012724  00000-0  10114-2 0  9997
2 42838  97.3687 211.2206 0012834 200.3369 159.7346 15.00502792354505
0 LEMUR 2 ANDIS
1 42838U 17042P   24015.53379238  .00013213  00000-0  10497-2 0  9994
2 42838  97.3689 211.6632 0012872 198.5263 161.5495 15.00515781354572
0 LEMUR 2 ANDIS
1 42838U 17042P   24016.53407088  .00012666  00000-0  10058-2 0  9994
2 42838  97.3691 212.6115 0012915 194.7806 165.3043 15.00541246354724
0 LEMUR 2 ANDIS
1 42838U 17042P   24017.53433397  .00011020  00000-0  87531-3 0  9991
2 42838  97.3694 213.5600 0012999 190.9360 169.1584 15.00562803354871
0 LEMUR 2 ANDIS
1 42838U 17042P   24018.53458181  .00011175  00000-0  88703-3 0  9993
2 42838  97.3695 214.5088 0013057 187.0866 173.0176 15.00585779355023
0 LEMUR 2 ANDIS
1 42838U 17042P   24019.46813323  .00010909  00000-0  86560-3 0  9992
2 42838  97.3695 215.3939 0013071 183.4421 176.6716 15.00606165355167
0 LEMUR 2 ANDIS
1 42838U 17042P   24020.00158547  .00010771  00000-0  85445-3 0  9992
2 42838  97.3694 215.8997 0013120 181.3500 178.7692 15.00617531355249
0 LEMUR 2 ANDIS
1 42838U 17042P   24020.53503340  .00010415  00000-0  82614-3 0  9995
2 42838  97.3694 216.4057 0013212 179.2841 180.8405 15.00629147355320
0 LEMUR 2 MONSON
1 42839U 17042Q   24015.47766238  .00011670  00000-0  94310-3 0  9990
2 42839  97.3753 211.2512 0010564 198.3386 161.7458 14.99909189354520
0 LEMUR 2 MONSON
1 42839U 17042Q   24016.47834626  .00010941  00000-0  88407-3 0  9998
2 42839  97.3756 212.1999 0010581 194.1747 165.9182 14.99930670354671
0 LEMUR 2 MONSON
1 42839U 17042Q   24017.47901587  .00009605  00000-0  77635-3 0  9996
2 42839  97.3759 213.1483 0010712 189.9188 170.1827 14.99950426354822
0 LEMUR 2 MONSON
1 42839U 17042Q   24017.54572661  .00009898  00000-0  79987-3 0  9997
2 42839  97.3760 213.2115 0010697 189.6659 170.4361 14.99952306354835
0 LEMUR 2 MONSON
1 42839U 17042Q   24018.47967204  .00009321  00000-0  75315-3 0  9993
2 42839  97.3762 214.0969 0010771 185.8587 174.2513 14.99970237354973
0 LEMUR 2 MONSON
1 42839U 17042Q   24019.48031428  .00010237  00000-0  82615-3 0  9994
2 42839  97.3765 215.0457 0010845 181.8129 178.3058 14.99992195355123
0 LEMUR 2 MONSON
1 42839U 17042Q   24020.48094234  .00009942  00000-0  80210-3 0  9990
2 42839  97.3766 215.9946 0010921 177.8808 182.2465 15.00012724355276
0 LEMUR 2 FURIAUS
1 42840U 17042R   24015.51312599  .00011272  00000-0  90697-3 0  9996
2 42840  97.3796 211.7155 0009826 222.5561 137.4902 15.00093314354522
0 LEMUR 2 FURIAUS
1 42840U 17042R   24016.51368665  .00010288  00000-0  82783-3 0  9995
2 42840  97.3794 212.6650 0009965 218.9408 141.1099 15.00113416354674
0 LEMUR 2 FURIAUS
1 42840U 17042R   24017.51423452  .00009217  00000-0  74183-3 0  9997
2 42840  97.3793 213.6142 0010044 215.9138 144.1413 15.00131889354821
0 LEMUR 2 FURIAUS
1 42840U 17042R   24018.51476905  .00008741  00000-0  70339-3 0  9999
2 42840  97.3788 214.5635 0010149 212.5418 147.5181 15.00151045354973
0 LEMUR 2 FURIAUS
1 42840U 17042R   24019.51529104  .00009374  00000-0  75355-3 0  9996
2 42840  97.3785 215.5126 0010240 209.4211 150.6438 15.00170805355127
0 LEMUR 2 FURIAUS
1 42840U 17042R   24020.51580092  .00008813  00000-0  70845-3 0  9997
2 42840  97.3781 216.4618 0010315 206.1702 153.9002 15.00188294355271
0 LEMUR 2 PETERG
1 42841U 17042S   24015.49198933  .00015899  00000-0  12788-2 0  9991
2 42841  97.3800 213.0206 0008947 193.4570 166.6417 15.00032945354595
0 LEMUR 2 PETERG
1 42841U 17042S   24016.49258947  .00014186  00000-0  11410-2 0  9993
2 42841  97.3806 213.9699 0008939 189.6446 170.4608 15.00059174354741
0 LEMUR 2 PETERG
1 42841U 17042S   24017.49317020  .00013579  00000-0  10916-2 0  9997
2 42841  97.3812 214.9194 0008971 185.8487 174.2635 15.00087355354898
0 LEMUR 2 PETERG
1 42841U 17042S   24017.75998845  .00013803  00000-0  11093-2 0  9993
2 42841  97.3811 215.1727 0008928 184.7759 175.3382 15.00095037354936
0 LEMUR 2 PETERG
1 42841U 17042S   24018.49373170  .00012943  00000-0  10400-2 0  9998
2 42841  97.3815 215.8693 0008961 181.9529 178.1662 15.00115464355042
0 LEMUR 2 PETERG
1 42841U 17042S   24019.49427500  .00013283  00000-0  10664-2 0  9996
2 42841  97.3818 216.8188 0008994 178.1096 182.0164 15.00143101355194
0 LEMUR 2 PETERG
1 42841U 17042S   24020.49480084  .00012808  00000-0  10278-2 0  9997
2 42841  97.3821 217.7683 0009003 174.5831 185.5492 15.00168977355344
0 LEMUR 2 DEMBITZ
1 42842U 17042T   24015.47781291  .00012135  00000-0  97072-3 0  9995
2 42842  97.3727 212.9628 0011295 193.1939 166.8991 15.00285544354613
0 LEMUR 2 DEMBITZ
1 42842U 17042T   24015.54450894  .00011194  00000-0  89589-3 0  9993
2 42842  97.3727 213.0260 0011325 192.8917 167.2019 15.00286019354628
0 LEMUR 2 DEMBITZ
1 42842U 17042T   24016.47824550  .00011634  00000-0  93034-3 0  9999
2 42842  97.3731 213.9113 0011381 188.9948 171.1074 15.00308600354762
0 LEMUR 2 DEMBITZ
1 42842U 17042T   24016.54494055  .00010790  00000-0  86321-3 0  9993
2 42842  97.3730 213.9747 0011355 188.7017 171.4012 15.00309223354778
0 LEMUR 2 DEMBITZ
1 42842U 17042T   24017.47866307  .00010464  00000-0  83684-3 0  9996
2 42842  97.3733 214.8600 0011441 184.9332 175.1781 15.00329958354910
0 LEMUR 2 DEMBITZ
1 42842U 17042T   24018.47906685  .00009604  00000-0  76810-3 0  9998
2 42842  97.3735 215.8087 0011488 180.8942 179.2264 15.00349724355066
0 LEMUR 2 DEMBITZ
1 42842U 17042T   24018.54575985  .00010109  00000-0  80819-3 0  9997
2 42842  97.3735 215.8719 0011516 180.6164 179.5048 15.00351804355070
0 LEMUR 2 DEMBITZ
1 42842U 17042T   24019.47945648  .00010660  00000-0  85147-3 0  9998
2 42842  97.3737 216.7574 0011586 176.9251 183.2047 15.00372010355212
0 LEMUR 2 DEMBITZ
1 42842U 17042T   24020.47983183  .00009640  00000-0  77011-3 0  9993
2 42842  97.3736 217.7063 0011610 172.9557 187.1833 15.00392438355366
0 LEMUR 2 ZACHARY
1 42845U 17042W   24015.03860419  .00014820  00000-0  10993-2 0  9999
2 42845  97.3788 212.3473 0008325 244.1718 115.8650 15.03138808354672
0 LEMUR 2 ZACHARY
1 42845U 17042W   24015.50458808  .00015069  00000-0  11173-2 0  9993
2 42845  97.3787 212.7917 0008356 241.9984 118.0397 15.03152710354741
0 LEMUR 2 ZACHARY
1 42845U 17042W   24016.50311144  .00014489  00000-0  10737-2 0  9995
2 42845  97.3790 213.7432 0008406 238.5605 121.4800 15.03180682354898
0 LEMUR 2 ZACHARY
1 42845U 17042W   24017.50161622  .00013008  00000-0  96392-3 0  9998
2 42845  97.3792 214.6950 0008430 234.8747 125.1690 15.03207140355043
0 LEMUR 2 ZACHARY
1 42845U 17042W   24018.10071021  .00013384  00000-0  99117-3 0  9993
2 42845  97.3793 215.2658 0008442 232.6753 127.3705 15.03224082355137
0 LEMUR 2 ZACHARY
1 42845U 17042W   24018.50010316  .00012418  00000-0  91983-3 0  9997
2 42845  97.3794 215.6465 0008414 231.3542 128.6932 15.03233375355196
0 LEMUR 2 ZACHARY
1 42845U 17042W   24019.49857119  .00013864  00000-0  10254-2 0  9993
2 42845  97.3798 216.5983 0008425 227.5143 132.5372 15.03263309355340
0 LEMUR 2 ZACHARY
1 42845U 17042W   24020.49701987  .00013448  00000-0  99408-3 0  9993
2 42845  97.3801 217.5509 0008404 223.9176 136.1383 15.03292252355490
0 LEMUR 2 JIN-LUEN
1 43182U 18014C   24015.62589668  .00014565  00000-0  94481-3 0  9994
2 43182  97.6010 280.0683 0014016 151.8181 208.3809 15.08105081325578
0 LEMUR 2 JIN-LUEN
1 43182U 18014C   24015.69224672  .00014572  00000-0  94516-3 0  9999
2 43182  97.6010 280.1339 0014032 151.6502 208.5492 15.08107367325580
0 LEMUR 2 JIN-LUEN
1 43182U 18014C   24016.28939427  .00014947  00000-0  96886-3 0  9994
2 43182  97.6009 280.7247 0014082 149.7592 210.4451 15.08125583325671
0 LEMUR 2 JIN-LUEN
1 43182U 18014C   24016.68748920  .00013719  00000-0  88950-3 0  9993
2 43182  97.6010 281.1186 0014098 148.4157 211.7920 15.08135509325731
0 LEMUR 2 JIN-LUEN
1 43182U 18014C   24017.21827768  .00013534  00000-0  87722-3 0  9992
2 43182  97.6010 281.6436 0014120 146.7303 213.4816 15.08150100325810
0 LEMUR 2 JIN-LUEN
1 43182U 18014C   24017.68271344  .00013781  00000-0  89278-3 0  9998
2 43182  97.6013 282.1031 0014161 145.2011 215.0146 15.08163281325880
0 LEMUR 2 JIN-LUEN
1 43182U 18014C   24018.27983924  .00013134  00000-0  85077-3 0  9993
2 43182  97.6016 282.6939 0014210 143.0412 217.1798 15.08179133325970
0 LEMUR 2 JIN-LUEN
1 43182U 18014C   24018.61157241  .00014361  00000-0  92945-3 0  9991
2 43182  97.6017 283.0221 0014242 142.1205 218.1028 15.08190315326024
0 LEMUR 2 JIN-LUEN
1 43182U 18014C   24018.67791910  .00013917  00000-0  90083-3 0  9991
2 43182  97.6015 283.0879 0014264 141.8437 218.3804 15.08191572326039
0 LEMUR 2 JIN-LUEN
1 43182U 18014C   24019.60676149  .00013643  00000-0  88257-3 0  9997
2 43182  97.6018 284.0070 0014396 138.6945 221.5374 15.08216759326178
0 LEMUR 2 JIN-LUEN
1 43182U 18014C   24019.67310674  .00013670  00000-0  88423-3 0  9997
2 43182  97.6019 284.0727 0014405 138.4409 221.7917 15.08218838326188
0 LEMUR 2 JIN-LUEN
1 43182U 18014C   24020.27021085  .00012511  00000-0  80943-3 0  9992
2 43182  97.6021 284.6634 0014484 136.4525 223.7849 15.08233523326272
0 LEMUR 2 JIN-LUEN
1 43182U 18014C   24020.66827702  .00012512  00000-0  80927-3 0  9998
2 43182  97.6023 285.0573 0014530 134.9835 225.2574 15.08243937326339
0 LEMUR 2 URAMCHANSOL
1 43183U 18014D   24015.25842122  .00017331  00000-0  10608-2 0  9993
2 43183  97.6016 280.6285 0014529 141.1701 219.0575 15.10187947325571
0 LEMUR 2 URAMCHANSOL
1 43183U 18014D   24015.72223027  .00016004  00000-0  97963-3 0  9998
2 43183  97.6014 281.0888 0014596 139.7288 220.5026 15.10202832325647
0 LEMUR 2 URAMCHANSOL
1 43183U 18014D   24016.31854918  .00016302  00000-0  99718-3 0  9994
2 43183  97.6011 281.6805 0014655 137.6096 222.6268 15.10223502325737
0 LEMUR 2 URAMCHANSOL
1 43183U 18014D   24016.71609071  .00014895  00000-0  91129-3 0  9999
2 43183  97.6009 282.0752 0014710 136.4933 223.7459 15.10235339325790
0 LEMUR 2 URAMCHANSOL
1 43183U 18014D   24017.70993063  .00014469  00000-0  88465-3 0  9992
2 43183  97.6005 283.0613 0014764 133.3196 226.9267 15.10266029325948
0 LEMUR 2 URAMCHANSOL
1 43183U 18014D   24018.17371627  .00013927  00000-0  85144-3 0  9999
2 43183  97.6005 283.5217 0014731 132.2692 227.9789 15.10278201326010
0 LEMUR 2 URAMCHANSOL
1 43183U 18014D   24018.70375254  .00014112  00000-0  86229-3 0  9990
2 43183  97.6004 284.0477 0014764 130.5356 229.7161 15.10292947326092
0 LEMUR 2 URAMCHANSOL
1 43183U 18014D   24019.16753008  .00014323  00000-0  87485-3 0  9997
2 43183  97.6003 284.5080 0014746 129.2798 230.9742 15.10305383326167
0 LEMUR 2 URAMCHANSOL
1 43183U 18014D   24019.63130348  .00014816  00000-0  90438-3 0  9994
2 43183  97.6004 284.9683 0014764 127.9024 232.3543 15.10319018326231
0 LEMUR 2 URAMCHANSOL
1 43183U 18014D   24019.69755656  .00014663  00000-0  89505-3 0  9998
2 43183  97.6003 285.0339 0014770 127.5972 232.6601 15.10320851326241
0 LEMUR 2 URAMCHANSOL
1 43183U 18014D   24020.29382985  .00014024  00000-0  85593-3 0  9991
2 43183  97.6005 285.6257 0014774 125.8177 234.4427 15.10337146326331
0 LEMUR 2 URAMCHANSOL
1 43183U 18014D   24020.69134189  .00014104  00000-0  86048-3 0  9991
2 43183  97.6008 286.0203 0014806 124.4999 235.7631 15.10348480326393
0 LEMUR 2 KADI
1 43184U 18014E   24015.19759957  .00016449  00000-0  10465-2 0  9990
2 43184  97.5875 279.2730 0013239 129.8377 230.4019 15.08799511325519
0 LEMUR 2 KADI
1 43184U 18014E   24015.72815467  .00014997  00000-0  95426-3 0  9995
2 43184  97.5874 279.7977 0013341 127.9338 232.3098 15.08815059325598
0 LEMUR 2 KADI
1 43184U 18014E   24016.19238573  .00014930  00000-0  94964-3 0  9997
2 43184  97.5873 280.2567 0013442 126.5696 233.6771 15.08828969325667
0 LEMUR 2 KADI
1 43184U 18014E   24016.72293025  .00013784  00000-0  87682-3 0  9994
2 43184  97.5873 280.7812 0013526 124.8295 235.4208 15.08843847325740
0 LEMUR 2 KADI
1 43184U 18014E   24017.25346974  .00013233  00000-0  84163-3 0  9995
2 43184  97.5872 281.3056 0013592 123.1604 237.0930 15.08858025325828
0 LEMUR 2 KADI
1 43184U 18014E   24017.71768742  .00013379  00000-0  85055-3 0  9999
2 43184  97.5872 281.7650 0013607 121.6084 238.6475 15.08871371325891
0 LEMUR 2 KADI
1 43184U 18014E   24018.24821727  .00012526  00000-0  79639-3 0  9995
2 43184  97.5869 282.2889 0013672 120.2683 239.9900 15.08884428325972
0 LEMUR 2 KADI
1 43184U 18014E   24018.71242667  .00013061  00000-0  82980-3 0  9995
2 43184  97.5868 282.7478 0013707 119.0417 241.2187 15.08897736326048
0 LEMUR 2 KADI
1 43184U 18014E   24019.24294706  .00013210  00000-0  83888-3 0  9999
2 43184  97.5867 283.2721 0013736 117.7252 242.5371 15.08911837326125
0 LEMUR 2 KADI
1 43184U 18014E   24019.70714824  .00013332  00000-0  84633-3 0  9992
2 43184  97.5866 283.7310 0013730 116.1841 244.0801 15.08924893326192
0 LEMUR 2 KADI
1 43184U 18014E   24020.30397286  .00012036  00000-0  76423-3 0  9997
2 43184  97.5866 284.3211 0013776 114.7597 245.5066 15.08938908326282
0 LEMUR 2 KADI
1 43184U 18014E   24020.70185256  .00012167  00000-0  77229-3 0  9993
2 43184  97.5866 284.7144 0013763 113.6926 246.5749 15.08949452326343
0 LEMUR 2 THENICKMOLO
1 43185U 18014F   24015.26994845  .00020181  00000-0  12605-2 0  9992
2 43185  97.5956 280.0001 0009432 129.0569 231.1501 15.09465677325547
0 LEMUR 2 THENICKMOLO
1 43185U 18014F   24015.66768925  .00018821  00000-0  11756-2 0  9998
2 43185  97.5955 280.3943 0009505 127.6250 232.5843 15.09480058325607
0 LEMUR 2 THENICKMOLO
1 43185U 18014F   24016.19800433  .00018385  00000-0  11479-2 0  9995
2 43185  97.5954 280.9196 0009598 125.9006 234.3115 15.09499643325684
0 LEMUR 2 THENICKMOLO
1 43185U 18014F   24016.66202424  .00017224  00000-0  10753-2 0  9998
2 43185  97.5954 281.3791 0009694 124.6120 235.6025 15.09515678325759
0 LEMUR 2 THENICKMOLO
1 43185U 18014F   24017.19232682  .00016704  00000-0  10425-2 0  9994
2 43185  97.5954 281.9043 0009791 123.1807 237.0362 15.09533656325834
0 LEMUR 2 THENICKMOLO
1 43185U 18014F   24017.72262320  .00016606  00000-0  10359-2 0  9992
2 43185  97.5955 282.4296 0009866 121.6198 238.5995 15.09551872325917
0 LEMUR 2 THENICKMOLO
1 43185U 18014F   24018.18662745  .00016290  00000-0  10159-2 0  9995
2 43185  97.5954 282.8892 0009929 120.3478 239.8734 15.09566656325987
0 LEMUR 2 THENICKMOLO
1 43185U 18014F   24018.71691239  .00016023  00000-0  99884-3 0  9991
2 43185  97.5956 283.4143 0009988 118.9216 241.3016 15.09583890326063
0 LEMUR 2 THENICKMOLO
1 43185U 18014F   24019.24719100  .00016525  00000-0  10294-2 0  9992
2 43185  97.5954 283.9395 0010066 117.6604 242.5648 15.09601815326142
0 LEMUR 2 THENICKMOLO
1 43185U 18014F   24019.71117950  .00016451  00000-0  10244-2 0  9992
2 43185  97.5954 284.3991 0010094 116.4438 243.7828 15.09617759326217
0 LEMUR 2 THENICKMOLO
1 43185U 18014F   24020.24144641  .00015267  00000-0  95069-3 0  9992
2 43185  97.5954 284.9243 0010096 115.0744 245.1534 15.09633893326295
0 LEMUR 2 THENICKMOLO
1 43185U 18014F   24020.50657785  .00015107  00000-0  94057-3 0  9998
2 43185  97.5954 285.1870 0010073 114.0813 246.1471 15.09641843326335
0 LEMUR 2 CHRISTINAHOLT
1 43882U 18111G   24015.29612120  .00029447  00000-0  16977-2 0  9990
2 43882  97.6427 287.2881 0010082 129.0972 231.1156 15.12287123276476
0 LEMUR 2 CHRISTINAHOLT
1 43882U 18111G   24015.69311961  .00026775  00000-0  15437-2 0  9994
2 43882  97.6427 287.6855 0010130 127.6123 232.6028 15.12307461276536
0 LEMUR 2 CHRISTINAHOLT
1 43882U 18111G   24016.22244217  .00026270  00000-0  15135-2 0  9998
2 43882  97.6426 288.2152 0010263 126.2338 233.9842 15.12336030276613
0 LEMUR 2 CHRISTINAHOLT
1 43882U 18111G   24016.75175540  .00024563  00000-0  14147-2 0  9993
2 43882  97.6425 288.7455 0010349 124.1547 236.0666 15.12361434276699
0 LEMUR 2 CHRISTINAHOLT
1 43882U 18111G   24017.21489685  .00022765  00000-0  13109-2 0  9992
2 43882  97.6426 289.2089 0010466 123.0206 237.2032 15.12383725276764
0 LEMUR 2 CHRISTINAHOLT
1 43882U 18111G   24017.74419313  .00024346  00000-0  14004-2 0  9993
2 43882  97.6426 289.7392 0010462 121.1698 239.0559 15.12409443276845
0 LEMUR 2 CHRISTINAHOLT
1 43882U 18111G   24018.27348042  .00021576  00000-0  12411-2 0  9994
2 43882  97.6426 290.2689 0010548 119.7518 240.4763 15.12433400276922
0 LEMUR 2 CHRISTINAHOLT
1 43882U 18111G   24018.73660001  .00023324  00000-0  13402-2 0  9991
2 43882  97.6425 290.7328 0010562 118.5233 241.7062 15.12454945276993
0 LEMUR 2 CHRISTINAHOLT
1 43882U 18111G   24019.26587127  .00022967  00000-0  13189-2 0  9991
2 43882  97.6424 291.2623 0010611 117.4265 242.8046 15.12480127277079
0 LEMUR 2 CHRISTINAHOLT
1 43882U 18111G   24019.72897662  .00023348  00000-0  13398-2 0  9996
2 43882  97.6423 291.7261 0010625 115.8933 244.3394 15.12501731277146
0 LEMUR 2 CHRISTINAHOLT
1 43882U 18111G   24020.25823187  .00020583  00000-0  11813-2 0  9995
2 43882  97.6423 292.2557 0010613 114.9361 245.2974 15.12524146277220
0 LEMUR 2 CHRISTINAHOLT
1 43882U 18111G   24020.72132424  .00021148  00000-0  12129-2 0  9993
2 43882  97.6422 292.7194 0010568 113.4679 246.7663 15.12542873277291
0 LEMUR 2 TINYKEV
1 43883U 18111H   24015.22858521  .00028192  00000-0  15269-2 0  9990
2 43883  97.6232 287.1866 0010421 125.5641 234.6563 15.14532624276532
0 LEMUR 2 TINYKEV
1 43883U 18111H   24015.75713133  .00025335  00000-0  13720-2 0  9993
2 43883  97.6232 287.7167 0010477 123.4679 236.7555 15.14559171276610
0 LEMUR 2 TINYKEV
1 43883U 18111H   24015.95533360  .00023758  00000-0  12868-2 0  9996
2 43883  97.6232 287.9149 0010529 123.3304 236.8937 15.14567750276644
0 LEMUR 2 TINYKEV
1 43883U 18111H   24016.74813084  .00023147  00000-0  12525-2 0  9990
2 43883  97.6231 288.7095 0010679 120.7205 239.5080 15.14605907276768
0 LEMUR 2 TINYKEV
1 43883U 18111H   24017.21058698  .00021699  00000-0  11739-2 0  9991
2 43883  97.6230 289.1725 0010737 119.3733 240.8572 15.14626916276839
0 LEMUR 2 TINYKEV
1 43883U 18111H   24017.73910085  .00022415  00000-0  12116-2 0  9992
2 43883  97.6228 289.7023 0010760 117.8981 242.3342 15.14649443276918
0 LEMUR 2 TINYKEV
1 43883U 18111H   24018.46579415  .00020531  00000-0  11094-2 0  9992
2 43883  97.6227 290.4302 0010813 115.8698 244.3649 15.14679246277027
0 LEMUR 2 TINYKEV
1 43883U 18111H   24018.73004228  .00021813  00000-0  11778-2 0  9990
2 43883  97.6227 290.6952 0010808 115.4172 244.8180 15.14692372277061
0 LEMUR 2 TINYKEV
1 43883U 18111H   24019.32459311  .00021895  00000-0  11813-2 0  9993
2 43883  97.6227 291.2908 0010869 113.9134 246.3238 15.14719917277153
0 LEMUR 2 TINYKEV
1 43883U 18111H   24019.72095370  .00023298  00000-0  12558-2 0  9994
2 43883  97.6226 291.6881 0010803 112.6843 247.5531 15.14740303277216
0 LEMUR 2 TINYKEV
1 43883U 18111H   24020.31548586  .00021474  00000-0  11572-2 0  9992
2 43883  97.6227 292.2835 0010854 111.1695 249.0698 15.14767110277304
0 LEMUR 2 TINYKEV
1 43883U 18111H   24020.71183521  .00022931  00000-0  12346-2 0  9999
2 43883  97.6227 292.6807 0010849 109.6511 250.5892 15.14785023277362
0 LEMUR 2 REMY-COLTON
1 43884U 18111J   24015.32028559  .00025381  00000-0  14609-2 0  9996
2 43884  97.6367 288.0299 0003188 103.9398 256.2187 15.12416677274541
0 LEMUR 2 REMY-COLTON
1 43884U 18111J   24015.71725034  .00023220  00000-0  13366-2 0  9990
2 43884  97.6365 288.4273 0003171 101.4023 258.7563 15.12433769274608
0 LEMUR 2 REMY-COLTON
1 43884U 18111J   24016.31268887  .00023434  00000-0  13479-2 0  9997
2 43884  97.6367 289.0228 0003169 102.4609 257.6976 15.12460021274691
0 LEMUR 2 REMY-COLTON
1 43884U 18111J   24016.70964193  .00022179  00000-0  12755-2 0  9994
2 43884  97.6368 289.4201 0003155 100.8394 259.3192 15.12477100274757
0 LEMUR 2 REMY-COLTON
1 43884U 18111J   24017.23890519  .00021119  00000-0  12141-2 0  9995
2 43884  97.6369 289.9494 0003207 101.4925 258.6665 15.12501155274836
0 LEMUR 2 REMY-COLTON
1 43884U 18111J   24017.70200441  .00022018  00000-0  12648-2 0  9997
2 43884  97.6368 290.4131 0003250 100.2466 259.9131 15.12520788274908
0 LEMUR 2 REMY-COLTON
1 43884U 18111J   24018.23125262  .00019802  00000-0  11375-2 0  9996
2 43884  97.6370 290.9424 0003337 100.3445 259.8162 15.12543377274985
0 LEMUR 2 REMY-COLTON
1 43884U 18111J   24018.69433863  .00021582  00000-0  12384-2 0  9994
2 43884  97.6375 291.4057 0003375  98.5035 261.6578 15.12563638275056
0 LEMUR 2 REMY-COLTON
1 43884U 18111J   24019.28972570  .00020798  00000-0  11928-2 0  9994
2 43884  97.6374 292.0013 0003488  98.3828 261.7798 15.12589690275148
0 LEMUR 2 REMY-COLTON
1 43884U 18111J   24019.75279723  .00021788  00000-0  12485-2 0  9995
2 43884  97.6375 292.4649 0003563  97.7142 262.4494 15.12610800275211
0 LEMUR 2 REMY-COLTON
1 43884U 18111J   24020.28201506  .00018647  00000-0  10689-2 0  9993
2 43884  97.6378 292.9938 0003600  96.8876 263.2764 15.12630606275299
0 LEMUR 2 REMY-COLTON
1 43884U 18111J   24020.74507419  .00020204  00000-0  11570-2 0  9998
2 43884  97.6376 293.4574 0003622  95.1363 265.0281 15.12650060275364
0 LEMUR 2 GUSTAVO
1 43885U 18111K   24015.32638074  .00023438  00000-0  13700-2 0  9998
2 43885  97.6357 287.2849 0015707 131.3794 228.8789 15.11778188276494
0 LEMUR 2 GUSTAVO
1 43885U 18111K   24015.72351328  .00021329  00000-0  12469-2 0  9994
2 43885  97.6354 287.6821 0015636 129.9319 230.3288 15.11794678276553
0 LEMUR 2 GUSTAVO
1 43885U 18111K   24016.18682868  .00021943  00000-0  12818-2 0  9991
2 43885  97.6353 288.1451 0015680 128.6855 231.5780 15.11815806276622
0 LEMUR 2 GUSTAVO
1 43885U 18111K   24016.71632469  .00020803  00000-0  12149-2 0  9993
2 43885  97.6351 288.6745 0015658 126.9703 233.2963 15.11837033276706
0 LEMUR 2 GUSTAVO
1 43885U 18111K   24017.31199866  .00020125  00000-0  11747-2 0  9999
2 43885  97.6350 289.2696 0015797 125.3154 234.9556 15.11861009276799
0 LEMUR 2 GUSTAVO
1 43885U 18111K   24017.70910942  .00021282  00000-0  12413-2 0  9994
2 43885  97.6350 289.6667 0015769 124.1243 236.1486 15.11877360276856
0 LEMUR 2 GUSTAVO
1 43885U 18111K   24018.70186718  .00021427  00000-0  12482-2 0  9998
2 43885  97.6353 290.6587 0015889 120.8471 239.4325 15.11919061277002
0 LEMUR 2 GUSTAVO
1 43885U 18111K   24019.29750846  .00020873  00000-0  12152-2 0  9990
2 43885  97.6357 291.2538 0015991 119.0475 241.2359 15.11944816277090
0 LEMUR 2 GUSTAVO
1 43885U 18111K   24019.69459652  .00021792  00000-0  12677-2 0  9998
2 43885  97.6358 291.6507 0015988 117.7068 242.5786 15.11963406277151
0 LEMUR 2 GUSTAVO
1 43885U 18111K   24020.29022056  .00018892  00000-0  10992-2 0  9995
2 43885  97.6362 292.2459 0016093 116.1567 244.1321 15.11987141277249
0 LEMUR 2 GUSTAVO
1 43885U 18111K   24020.75347765  .00019791  00000-0  11506-2 0  9994
2 43885  97.6365 292.7088 0016141 114.6200 245.6714 15.12005162277311
0 LEMUR 2 ZO
1 43886U 18111L   24015.32336511  .00023128  00000-0  13570-2 0  9991
2 43886  97.6249 287.0038 0013414 147.1812 213.0254 15.11673431276502
0 LEMUR 2 ZO
1 43886U 18111L   24015.72052579  .00020982  00000-0  12313-2 0  9993
2 43886  97.6249 287.4004 0013403 145.6704 214.5395 15.11688633276568
0 LEMUR 2 ZO
1 43886U 18111L   24015.98529712  .00019491  00000-0  11440-2 0  9992
2 43886  97.6246 287.6642 0013481 145.0210 215.1908 15.11697750274607
0 LEMUR 2 ZO
1 43886U 18111L   24016.18387443  .00021013  00000-0  12324-2 0  9993
2 43886  97.6245 287.8622 0013513 144.4283 215.7851 15.11707581276637
0 LEMUR 2 ZO
1 43886U 18111L   24016.71340832  .00019894  00000-0  11665-2 0  9994
2 43886  97.6243 288.3907 0013501 142.8175 217.3993 15.11728316276719
0 LEMUR 2 ZO
1 43886U 18111L   24017.30912499  .00019680  00000-0  11532-2 0  9990
2 43886  97.6246 288.9852 0013612 140.9919 219.2296 15.11752912276801
0 LEMUR 2 ZO
1 43886U 18111L   24017.70626419  .00020818  00000-0  12189-2 0  9992
2 43886  97.6246 289.3816 0013610 139.8193 220.4046 15.11769347276868
0 LEMUR 2 ZO
1 43886U 18111L   24018.23577615  .00019059  00000-0  11158-2 0  9994
2 43886  97.6249 289.9096 0013723 138.0483 222.1801 15.11791110276945
0 LEMUR 2 ZO
1 43886U 18111L   24018.69909284  .00021073  00000-0  12323-2 0  9999
2 43886  97.6250 290.3722 0013748 136.4735 223.7583 15.11811410277017
0 LEMUR 2 ZO
1 43886U 18111L   24019.29477689  .00020333  00000-0  11884-2 0  9994
2 43886  97.6254 290.9664 0013859 134.7176 225.5185 15.11836371277106
0 LEMUR 2 ZO
1 43886U 18111L   24019.69189451  .00020941  00000-0  12231-2 0  9997
2 43886  97.6254 291.3629 0013963 133.1306 227.1094 15.11852690277161
0 LEMUR 2 ZO
1 43886U 18111L   24020.28756290  .00018211  00000-0  10639-2 0  9992
2 43886  97.6258 291.9572 0014007 131.2480 228.9959 15.11875084277251
0 LEMUR 2 ZO
1 43886U 18111L   24020.75085463  .00018918  00000-0  11044-2 0  9996
2 43886  97.6258 292.4200 0013950 129.2176 231.0295 15.11892736277329
0 LEMUR 2 NATALIEMURRAY
1 43887U 18111M   24015.25436999  .00024657  00000-0  14304-2 0  9999
2 43887  97.6377 288.0971 0011906 101.0985 259.1585 15.12085304276523
0 LEMUR 2 NATALIEMURRAY
1 43887U 18111M   24015.71759600  .00023238  00000-0  13478-2 0  9992
2 43887  97.6375 288.5607 0011911  99.5509 260.7068 15.12106523276599
0 LEMUR 2 NATALIEMURRAY
1 43887U 18111M   24016.31316265  .00024048  00000-0  13934-2 0  9992
2 43887  97.6374 289.1560 0011909  98.0990 262.1592 15.12134866276687
0 LEMUR 2 NATALIEMURRAY
1 43887U 18111M   24016.71020145  .00022358  00000-0  12954-2 0  9998
2 43887  97.6374 289.5533 0011939  96.7013 263.5576 15.12151261276747
0 LEMUR 2 NATALIEMURRAY
1 43887U 18111M   24017.30575040  .00021579  00000-0  12496-2 0  9998
2 43887  97.6376 290.1488 0011960  95.3372 264.9223 15.12177971276833
0 LEMUR 2 NATALIEMURRAY
1 43887U 18111M   24017.70277777  .00022303  00000-0  12907-2 0  9991
2 43887  97.6376 290.5460 0011973  93.8707 266.3893 15.12195008276892
0 LEMUR 2 NATALIEMURRAY
1 43887U 18111M   24018.29830974  .00020259  00000-0  11722-2 0  9992
2 43887  97.6377 291.1413 0012082  91.9291 268.3323 15.12220686276988
0 LEMUR 2 NATALIEMURRAY
1 43887U 18111M   24018.69532557  .00021865  00000-0  12639-2 0  9994
2 43887  97.6378 291.5387 0012120  90.6784 269.5835 15.12238334277047
0 LEMUR 2 NATALIEMURRAY
1 43887U 18111M   24019.29084121  .00020809  00000-0  12024-2 0  9995
2 43887  97.6381 292.1343 0012180  88.9917 271.2708 15.12263030277134
0 LEMUR 2 NATALIEMURRAY
1 43887U 18111M   24019.75401308  .00021175  00000-0  12227-2 0  9998
2 43887  97.6380 292.5978 0012219  87.5165 272.7464 15.12282603277204
0 LEMUR 2 NATALIEMURRAY
1 43887U 18111M   24020.28334534  .00018746  00000-0  10826-2 0  9997
2 43887  97.6380 293.1272 0012269  85.6526 274.6106 15.12303257277284
0 LEMUR 2 NATALIEMURRAY
1 43887U 18111M   24020.74650513  .00019792  00000-0  11421-2 0  9990
2 43887  97.6382 293.5904 0012283  84.3009 275.9622 15.12321226277351
0 LEMUR 2 SARAHBETTYBOO
1 43888U 18111N   24015.30425123  .00025800  00000-0  14718-2 0  9993
2 43888  97.6726 290.4859 0011154 176.4266 183.7046 15.12688716276550
0 LEMUR 2 SARAHBETTYBOO
1 43888U 18111N   24015.70114480  .00023552  00000-0  13436-2 0  9996
2 43888  97.6725 290.8854 0011124 174.6426 185.4925 15.12706693276610
0 LEMUR 2 SARAHBETTYBOO
1 43888U 18111N   24016.29647556  .00023268  00000-0  13264-2 0  9999
2 43888  97.6723 291.4838 0011273 172.1874 187.9534 15.12735572276703
0 LEMUR 2 SARAHBETTYBOO
1 43888U 18111N   24016.69335648  .00022406  00000-0  12769-2 0  9991
2 43888  97.6722 291.8831 0011268 170.5881 189.5563 15.12753494276762
0 LEMUR 2 SARAHBETTYBOO
1 43888U 18111N   24017.28866846  .00020870  00000-0  11889-2 0  9991
2 43888  97.6722 292.4816 0011436 168.5927 191.5565 15.12781235276856
0 LEMUR 2 SARAHBETTYBOO
1 43888U 18111N   24017.75168222  .00022020  00000-0  12533-2 0  9992
2 43888  97.6721 292.9471 0011569 167.0103 193.1428 15.12800938276920
0 LEMUR 2 SARAHBETTYBOO
1 43888U 18111N   24018.28083333  .00019467  00000-0  11081-2 0  9998
2 43888  97.6722 293.4789 0011726 165.3725 194.7847 15.12822027277000
0 LEMUR 2 SARAHBETTYBOO
1 43888U 18111N   24018.74383472  .00020960  00000-0  11919-2 0  9996
2 43888  97.6720 293.9447 0011751 163.8414 196.3194 15.12841060277078
0 LEMUR 2 SARAHBETTYBOO
1 43888U 18111N   24019.27297125  .00020730  00000-0  11781-2 0  9996
2 43888  97.6720 294.4766 0011875 162.2554 197.9094 15.12864631277157
0 LEMUR 2 SARAHBETTYBOO
1 43888U 18111N   24019.73595956  .00021031  00000-0  11945-2 0  9997
2 43888  97.6718 294.9424 0011809 160.5706 199.5976 15.12884104277229
0 LEMUR 2 SARAHBETTYBOO
1 43888U 18111N   24020.33122167  .00018545  00000-0  10534-2 0  9994
2 43888  97.6719 295.5410 0012033 158.8825 201.2905 15.12906246277319
0 LEMUR 2 SARAHBETTYBOO
1 43888U 18111N   24020.72805802  .00020062  00000-0  11385-2 0  9993
2 43888  97.6719 295.9402 0011973 157.7305 202.4448 15.12922631277374
0 LEMUR 2 DAISY-HARPER
1 43889U 18111P   24015.29914029  .00032678  00000-0  17894-2 0  9999
2 43889  97.6605 290.3414 0009543 171.4795 188.6600 15.14115088276564
0 LEMUR 2 DAISY-HARPER
1 43889U 18111P   24015.76174532  .00029730  00000-0  16277-2 0  9997
2 43889  97.6602 290.8072 0009566 169.6154 190.5276 15.14142253276632
0 LEMUR 2 DAISY-HARPER
1 43889U 18111P   24016.29042639  .00029713  00000-0  16253-2 0  9993
2 43889  97.6602 291.3390 0009693 167.5864 192.5607 15.14174556276717
0 LEMUR 2 DAISY-HARPER
1 43889U 18111P   24016.75301346  .00027870  00000-0  15240-2 0  9994
2 43889  97.6600 291.8047 0009737 165.8704 194.2801 15.14199914276789
0 LEMUR 2 DAISY-HARPER
1 43889U 18111P   24017.21559217  .00026609  00000-0  14543-2 0  9992
2 43889  97.6600 292.2700 0009869 164.4375 195.7161 15.14226699276859
0 LEMUR 2 DAISY-HARPER
1 43889U 18111P   24017.74424466  .00027255  00000-0  14882-2 0  9991
2 43889  97.6598 292.8020 0009954 162.7399 197.4172 15.14254584276932
0 LEMUR 2 DAISY-HARPER
1 43889U 18111P   24018.20680689  .00025134  00000-0  13721-2 0  9999
2 43889  97.6597 293.2672 0010044 161.3808 198.7793 15.14279431277001
0 LEMUR 2 DAISY-HARPER
1 43889U 18111P   24018.73544076  .00026752  00000-0  14587-2 0  9994
2 43889  97.6595 293.7994 0010079 159.8806 200.2824 15.14307591277080
0 LEMUR 2 DAISY-HARPER
1 43889U 18111P   24019.26406453  .00026725  00000-0  14560-2 0  9990
2 43889  97.6595 294.3311 0010200 158.4384 201.7279 15.14336581277162
0 LEMUR 2 DAISY-HARPER
1 43889U 18111P   24019.72660186  .00028137  00000-0  15313-2 0  9992
2 43889  97.6595 294.7969 0010224 156.8854 203.2839 15.14363095277232
0 LEMUR 2 DAISY-HARPER
1 43889U 18111P   24020.25520659  .00025321  00000-0  13778-2 0  9997
2 43889  97.6595 295.3288 0010405 155.6131 204.5594 15.14390119277317
0 LEMUR 2 DAISY-HARPER
1 43889U 18111P   24020.71772810  .00027115  00000-0  14738-2 0  9996
2 43889  97.6596 295.7942 0010321 153.8701 206.3053 15.14415086277387
0 LEMUR-2-DAYWZAGOODDAY
1 46501U 20068R   24015.41443267  .00039003  00000-0  14629-2 0  9994
2 46501  97.7818 336.5631 0010110 106.2840 253.9511 15.27080862181419
0 LEMUR-2-DAYWZAGOODDAY
1 46501U 20068R   24015.87311144  .00035083  00000-0  13156-2 0  9990
2 46501  97.7817 337.0412 0010146 105.1591 255.0769 15.27111701181483
0 LEMUR-2-DAYWZAGOODDAY
1 46501U 20068R   24016.46282496  .00037082  00000-0  13880-2 0  9998
2 46501  97.7815 337.6561 0010250 104.4533 255.7843 15.27159083181571
0 LEMUR-2-DAYWZAGOODDAY
1 46501U 20068R   24016.85595870  .00034686  00000-0  12979-2 0  9999
2 46501  97.7813 338.0660 0010236 103.3908 256.8471 15.27185266181630
0 LEMUR-2-DAYWZAGOODDAY
1 46501U 20068R   24017.44564516  .00034503  00000-0  12894-2 0  9992
2 46501  97.7812 338.6807 0010285 102.1707 258.0684 15.27228089181727
0 LEMUR-2-DAYWZAGOODDAY
1 46501U 20068R   24017.83876130  .00034911  00000-0  13035-2 0  9994
2 46501  97.7810 339.0907 0010321 101.1753 259.0646 15.27254660181781
0 LEMUR-2-DAYWZAGOODDAY
1 46501U 20068R   24018.42842197  .00033354  00000-0  12442-2 0  9997
2 46501  97.7811 339.7055 0010395  99.6721 260.5692 15.27294771181875
0 LEMUR-2-DAYWZAGOODDAY
1 46501U 20068R   24018.82152055  .00035001  00000-0  13041-2 0  9995
2 46501  97.7809 340.1154 0010452  98.6652 261.5770 15.27322489181937
0 LEMUR-2-DAYWZAGOODDAY
1 46501U 20068R   24019.41115472  .00033853  00000-0  12600-2 0  9996
2 46501  97.7809 340.7302 0010505  97.2188 263.0244 15.27364007182022
0 LEMUR-2-DAYWZAGOODDAY
1 46501U 20068R   24019.86974819  .00034050  00000-0  12661-2 0  9990
2 46501  97.7808 341.2084 0010506  95.9683 264.2753 15.27395389182092
0 LEMUR-2-DAYWZAGOODDAY
1 46501U 20068R   24020.45935399  .00031465  00000-0  11692-2 0  9997
2 46501  97.7806 341.8229 0010482  94.6517 265.5918 15.27434944182180
0 LEMUR-2-DAYWZAGOODDAY
1 46501U 20068R   24020.85241688  .00032829  00000-0  12186-2 0  9996
2 46501  97.7805 342.2329 0010468  93.5230 266.7205 15.27460554182244
0 LEMUR-2-NICHOL
1 46503U 20068T   24015.46505497  .00034237  00000-0  13564-2 0  9996
2 46503  97.7822 335.6638 0010149 112.7027 247.5284 15.25288282181379
0 LEMUR-2-NICHOL
1 46503U 20068T   24015.85867068  .00031165  00000-0  12346-2 0  9998
2 46503  97.7820 336.0730 0010155 111.8220 248.4099 15.25311915181438
0 LEMUR-2-NICHOL
1 46503U 20068T   24016.44908089  .00033758  00000-0  13349-2 0  9997
2 46503  97.7818 336.6870 0010183 110.8189 249.4140 15.25354049181523
0 LEMUR-2-NICHOL
1 46503U 20068T   24016.84267993  .00031770  00000-0  12559-2 0  9997
2 46503  97.7817 337.0961 0010179 109.3987 250.8351 15.25377950181584
0 LEMUR-2-NICHOL
1 46503U 20068T   24017.43306542  .00031313  00000-0  12365-2 0  9995
2 46503  97.7817 337.7100 0010231 107.8650 252.3703 15.25416904181676
0 LEMUR-2-NICHOL
1 46503U 20068T   24017.82664841  .00030981  00000-0  12226-2 0  9993
2 46503  97.7817 338.1192 0010286 106.7309 253.5057 15.25440206181735
0 LEMUR-2-NICHOL
1 46503U 20068T   24018.41701049  .00029144  00000-0  11493-2 0  9995
2 46503  97.7817 338.7330 0010393 105.2124 255.0263 15.25476347181824
0 LEMUR-2-NICHOL
1 46503U 20068T   24018.81057782  .00031235  00000-0  12303-2 0  9992
2 46503  97.7816 339.1421 0010435 104.1323 256.1074 15.25500651181889
0 LEMUR-2-NICHOL
1 46503U 20068T   24018.87617180  .00030198  00000-0  11896-2 0  9995
2 46503  97.7816 339.2103 0010435 103.9951 256.2447 15.25503957181899
0 LEMUR-2-NICHOL
1 46503U 20068T   24019.46650848  .00029778  00000-0  11718-2 0  9994
2 46503  97.7815 339.8243 0010489 102.6119 257.6292 15.25541808181980
0 LEMUR-2-NICHOL
1 46503U 20068T   24019.86005868  .00030055  00000-0  11818-2 0  9995
2 46503  97.7813 340.2337 0010503 101.6133 258.6283 15.25565880182045
0 LEMUR-2-NICHOL
1 46503U 20068T   24020.45037185  .00028499  00000-0  11198-2 0  9999
2 46503  97.7811 340.8474 0010522 100.5118 259.7305 15.25601568182134
0 LEMUR-2-NICHOL
1 46503U 20068T   24020.84390733  .00029247  00000-0  11482-2 0  9991
2 46503  97.7811 341.2565 0010514  98.9016 261.3412 15.25624040182192
0 LEMUR 2 AMANDA-SVANTE
1 48269U 21034B   24015.16192382  .00011147  00000-0  10109-2 0  9990
2 48269  97.6828  83.4109 0002491 347.2663  12.8495 14.95488953147459
0 LEMUR 2 AMANDA-SVANTE
1 48269U 21034B   24015.69719583  .00010734  00000-0  97336-3 0  9995
2 48269  97.6826  83.9357 0002516 344.0792  16.0349 14.95500572147538
0 LEMUR 2 AMANDA-SVANTE
1 48269U 21034B   24016.16555548  .00010127  00000-0  91850-3 0  9998
2 48269  97.6825  84.3949 0002484 341.0093  19.1035 14.95510367147601
0 LEMUR 2 AMANDA-SVANTE
1 48269U 21034B   24016.70082005  .00010022  00000-0  90872-3 0  9998
2 48269  97.6823  84.9199 0002470 338.8387  21.2732 14.95521514147689
0 LEMUR 2 AMANDA-SVANTE
1 48269U 21034B   24017.16917299  .00009963  00000-0  90325-3 0  9996
2 48269  97.6823  85.3790 0002423 336.0002  24.1105 14.95531654147753
0 LEMUR 2 AMANDA-SVANTE
1 48269U 21034B   24018.17277724  .00009652  00000-0  87482-3 0  9995
2 48269  97.6823  86.3630 0002370 330.6577  29.4511 14.95551224147906
0 LEMUR 2 AMANDA-SVANTE
1 48269U 21034B   24018.70802758  .00009868  00000-0  89395-3 0  9999
2 48269  97.6823  86.8879 0002311 328.1779  31.9302 14.95561592147980
0 LEMUR 2 AMANDA-SVANTE
1 48269U 21034B   24019.17636859  .00009870  00000-0  89398-3 0  9994
2 48269  97.6826  87.3475 0002264 325.7516  34.3559 14.95570790148050
0 LEMUR 2 AMANDA-SVANTE
1 48269U 21034B   24019.71161162  .00010291  00000-0  93159-3 0  9993
2 48269  97.6825  87.8722 0002200 323.8755  36.2317 14.95582121148136
0 LEMUR 2 AMANDA-SVANTE
1 48269U 21034B   24020.17994606  .00009939  00000-0  89968-3 0  9992
2 48269  97.6821  88.3305 0002068 321.8008  38.3066 14.95591666148202
0 LEMUR 2 AMANDA-SVANTE
1 48269U 21034B   24020.71518218  .00009507  00000-0  86069-3 0  9993
2 48269  97.6821  88.8553 0002007 319.3402  40.7669 14.95601386148280
0 LEMUR 2 SPECIAL K
1 48273U 21034F   24015.17696961  .00015496  00000-0  13901-2 0  9992
2 48273  97.6819  83.5318 0002914 340.5486  19.5623 14.95835156147476
0 LEMUR 2 SPECIAL K
1 48273U 21034F   24015.71211738  .00014561  00000-0  13062-2 0  9997
2 48273  97.6817  84.0564 0002848 339.2563  20.8542 14.95850502147556
0 LEMUR 2 SPECIAL K
1 48273U 21034F   24016.51482813  .00014641  00000-0  13125-2 0  9999
2 48273  97.6818  84.8438 0002736 336.2722  23.8373 14.95874672147677
0 LEMUR 2 SPECIAL K
1 48273U 21034F   24016.58172023  .00013633  00000-0  12226-2 0  9996
2 48273  97.6818  84.9095 0002729 336.1150  23.9944 14.95875482147689
0 LEMUR 2 SPECIAL K
1 48273U 21034F   24016.71550428  .00013105  00000-0  11755-2 0  9990
2 48273  97.6818  85.0408 0002714 335.7746  24.3347 14.95878499147705
0 LEMUR 2 SPECIAL K
1 48273U 21034F   24017.18374515  .00013160  00000-0  11800-2 0  9995
2 48273  97.6818  85.5003 0002676 334.8893  25.2198 14.95891952147771
0 LEMUR 2 SPECIAL K
1 48273U 21034F   24017.71887278  .00013583  00000-0  12172-2 0  9991
2 48273  97.6818  86.0252 0002611 333.5519  26.5568 14.95906828147856
0 LEMUR 2 SPECIAL K
1 48273U 21034F   24018.18710515  .00013182  00000-0  11811-2 0  9996
2 48273  97.6819  86.4845 0002546 332.7204  27.3883 14.95919443147922
0 LEMUR 2 SPECIAL K
1 48273U 21034F   24018.72222325  .00013555  00000-0  12139-2 0  9991
2 48273  97.6820  87.0095 0002496 331.9030  28.2056 14.95933904148000
0 LEMUR 2 SPECIAL K
1 48273U 21034F   24019.19044692  .00013904  00000-0  12445-2 0  9990
2 48273  97.6821  87.4689 0002436 330.5946  29.5138 14.95947559148072
0 LEMUR 2 SPECIAL K
1 48273U 21034F   24019.72555488  .00014165  00000-0  12673-2 0  9992
2 48273  97.6820  87.9936 0002401 329.2008  30.9072 14.95962601148154
0 LEMUR 2 SPECIAL K
1 48273U 21034F   24020.59509390  .00013476  00000-0  12053-2 0  9996
2 48273  97.6822  88.8463 0002293 327.0952  33.0126 14.95985946148289
0 LEMUR 2 SPECIAL K
1 48273U 21034F   24020.72886803  .00013312  00000-0  11906-2 0  9993
2 48273  97.6822  88.9777 0002277 326.8220  33.2858 14.95989351148306
0 LEMUR 2 EMBRIONOVIS
1 56970U 23084AQ  24015.32516096  .00018124  00000-0  92549-3 0  9996
2 56970  97.5337 134.7376 0014629 183.1769 176.9373 15.16662403 32770
0 LEMUR 2 EMBRIONOVIS
1 56970U 23084AQ  24015.85296820  .00016062  00000-0  82042-3 0  9990
2 56970  97.5335 135.2620 0014661 181.2739 178.8459 15.16678843 32858
0 LEMUR 2 EMBRIONOVIS
1 56970U 23084AQ  24016.31479410  .00016585  00000-0  84654-3 0  9991
2 56970  97.5334 135.7208 0014710 179.6468 180.4778 15.16695967 32926
0 LEMUR 2 EMBRIONOVIS
1 56970U 23084AQ  24016.84258950  .00015587  00000-0  79555-3 0  9998
2 56970  97.5331 136.2452 0014734 177.9306 182.1991 15.16712474 33007
0 LEMUR 2 EMBRIONOVIS
1 56970U 23084AQ  24017.30440591  .00015060  00000-0  76854-3 0  9999
2 56970  97.5327 136.7038 0014649 176.3083 183.8260 15.16727238 33075
0 LEMUR 2 EMBRIONOVIS
1 56970U 23084AQ  24017.89816374  .00014615  00000-0  74560-3 0  9996
2 56970  97.5328 137.2940 0014751 174.6251 185.5143 15.16743920 33161
0 LEMUR 2 EMBRIONOVIS
1 56970U 23084AQ  24018.29399896  .00014195  00000-0  72407-3 0  9997
2 56970  97.5327 137.6873 0014739 173.2149 186.9286 15.16754788 33220
0 LEMUR 2 EMBRIONOVIS
1 56970U 23084AQ  24018.82177441  .00015258  00000-0  77756-3 0  9999
2 56970  97.5326 138.2119 0014723 171.5672 188.5811 15.16770856 33309
0 LEMUR 2 EMBRIONOVIS
1 56970U 23084AQ  24018.88774611  .00014842  00000-0  75646-3 0  9991
2 56970  97.5326 138.2773 0014733 171.3157 188.8334 15.16772049 33312
0 LEMUR 2 EMBRIONOVIS
1 56970U 23084AQ  24019.28357339  .00015627  00000-0  79595-3 0  9999
2 56970  97.5326 138.6706 0014743 170.0048 190.1481 15.16785040 33378
0 LEMUR 2 EMBRIONOVIS
1 56970U 23084AQ  24019.87730847  .00015064  00000-0  76702-3 0  9995
2 56970  97.5326 139.2607 0014784 167.9250 192.2341 15.16802664 33460
0 LEMUR 2 EMBRIONOVIS
1 56970U 23084AQ  24020.27312801  .00014505  00000-0  73849-3 0  9995
2 56970  97.5327 139.6541 0014809 166.4549 193.7084 15.16814298 33528
0 LEMUR 2 EMBRIONOVIS
1 56970U 23084AQ  24020.86685155  .00014349  00000-0  73022-3 0  9994
2 56970  97.5329 140.2443 0014861 164.3546 195.8150 15.16831805 33611
0 LEMUR 2 NAZIYAH
1 56974U 23084AU  24015.26365740  .00040074  00000-0  17451-2 0  9998
2 56974  97.5214 135.1350 0012415 175.8400 184.2941 15.22031573 32819
0 LEMUR 2 NAZIYAH
1 56974U 23084AU  24015.78960026  .00035990  00000-0  15666-2 0  9990
2 56974  97.5213 135.6609 0012404 173.7526 186.3866 15.22070975 32890
0 LEMUR 2 NAZIYAH
1 56974U 23084AU  24015.85534224  .00034079  00000-0  14838-2 0  9992
2 56974  97.5212 135.7265 0012415 173.5423 186.5976 15.22074243 32902
0 LEMUR 2 NAZIYAH
1 56974U 23084AU  24016.31552996  .00037998  00000-0  16515-2 0  9997
2 56974  97.5209 136.1868 0012370 171.8026 188.3414 15.22110510 32974
0 LEMUR 2 NAZIYAH
1 56974U 23084AU  24016.90718402  .00033267  00000-0  14453-2 0  9992
2 56974  97.5206 136.7783 0012580 169.7219 190.4276 15.22151878 33069
0 LEMUR 2 NAZIYAH
1 56974U 23084AU  24017.30161028  .00036569  00000-0  15863-2 0  9997
2 56974  97.5204 137.1727 0012509 168.4441 191.7085 15.22184454 33129
0 LEMUR 2 NAZIYAH
1 56974U 23084AU  24017.82749939  .00036959  00000-0  16011-2 0  9996
2 56974  97.5201 137.6989 0012500 166.6797 193.4772 15.22226576 33209
0 LEMUR 2 NAZIYAH
1 56974U 23084AU  24017.89323466  .00036105  00000-0  15642-2 0  9998
2 56974  97.5201 137.7648 0012499 166.3263 193.8314 15.22230647 33215
0 LEMUR 2 NAZIYAH
1 56974U 23084AU  24018.28764058  .00038120  00000-0  16493-2 0  9992
2 56974  97.5201 138.1594 0012471 165.2768 194.8833 15.22263112 33274
0 LEMUR 2 NAZIYAH
1 56974U 23084AU  24018.87923477  .00038688  00000-0  16714-2 0  9994
2 56974  97.5201 138.7511 0012408 162.8542 197.3116 15.22310700 33360
0 LEMUR 2 NAZIYAH
1 56974U 23084AU  24019.27362046  .00040242  00000-0  17364-2 0  9999
2 56974  97.5200 139.1459 0012407 161.4215 198.7477 15.22343351 33426
0 LEMUR 2 NAZIYAH
1 56974U 23084AU  24019.86518480  .00036788  00000-0  15864-2 0  9992
2 56974  97.5202 139.7378 0012332 159.3107 200.8630 15.22386517 33514
0 LEMUR 2 NAZIYAH
1 56974U 23084AU  24020.25955272  .00034292  00000-0  14784-2 0  9999
2 56974  97.5200 140.1326 0012338 157.6765 202.5010 15.22410931 33573
0 LEMUR 2 NAZIYAH
1 56974U 23084AU  24020.91681753  .00032884  00000-0  14163-2 0  9998
2 56974  97.5203 140.7903 0012394 155.4095 204.7734 15.22452947 33678
0 LEMUR 2 AADAM-ALIYAH
1 56977U 23084AX  24015.32804747  .00045806  00000-0  19918-2 0  9991
2 56977  97.5240 135.2618 0012792 177.3692 182.7614 15.22043389 32826
0 LEMUR 2 AADAM-ALIYAH
1 56977U 23084AX  24015.78824335  .00042572  00000-0  18499-2 0  9996
2 56977  97.5238 135.7221 0012816 175.4491 184.6864 15.22084837 32899
0 LEMUR 2 AADAM-ALIYAH
1 56977U 23084AX  24015.85398499  .00039231  00000-0  17056-2 0  9997
2 56977  97.5236 135.7875 0012870 175.0953 185.0412 15.22087368 32909
0 LEMUR 2 AADAM-ALIYAH
1 56977U 23084AX  24016.31416848  .00042590  00000-0  18484-2 0  9996
2 56977  97.5232 136.2479 0012834 173.3572 186.7836 15.22126861 32976
0 LEMUR 2 AADAM-ALIYAH
1 56977U 23084AX  24016.90581699  .00036092  00000-0  15663-2 0  9994
2 56977  97.5228 136.8397 0012852 171.3011 188.8450 15.22168818 33066
0 LEMUR 2 AADAM-ALIYAH
1 56977U 23084AX  24017.30024028  .00036862  00000-0  15981-2 0  9995
2 56977  97.5226 137.2344 0012879 170.0362 190.1132 15.22197445 33123
0 LEMUR 2 AADAM-ALIYAH
1 56977U 23084AX  24017.89186316  .00033643  00000-0  14579-2 0  9994
2 56977  97.5223 137.8261 0012790 168.2806 191.8730 15.22234101 33211
0 LEMUR 2 AADAM-ALIYAH
1 56977U 23084AX  24018.28626997  .00033744  00000-0  14612-2 0  9992
2 56977  97.5223 138.2208 0012737 166.9618 193.1950 15.22259932 33278
0 LEMUR 2 AADAM-ALIYAH
1 56977U 23084AX  24018.81213525  .00034378  00000-0  14869-2 0  9998
2 56977  97.5225 138.7472 0012714 165.0759 195.0855 15.22295549 33357
0 LEMUR 2 AADAM-ALIYAH
1 56977U 23084AX  24019.27225721  .00033952  00000-0  14673-2 0  9990
2 56977  97.5224 139.2079 0012679 163.3943 196.7711 15.22325929 33424
0 LEMUR 2 AADAM-ALIYAH
1 56977U 23084AX  24019.79809807  .00035250  00000-0  15212-2 0  9993
2 56977  97.5225 139.7341 0012748 161.2600 198.9108 15.22365996 33507
0 LEMUR 2 AADAM-ALIYAH
1 56977U 23084AX  24019.86382715  .00034209  00000-0  14764-2 0  9999
2 56977  97.5226 139.8002 0012707 161.0389 199.1322 15.22370127 33514
0 LEMUR 2 AADAM-ALIYAH
1 56977U 23084AX  24020.32392496  .00034837  00000-0  15018-2 0  9999
2 56977  97.5225 140.2605 0012670 159.1858 200.9896 15.22405587 33589
0 LEMUR 2 AADAM-ALIYAH
1 56977U 23084AX  24020.91546262  .00036931  00000-0  15891-2 0  9992
2 56977  97.5224 140.8525 0012758 156.9418 203.2394 15.22454304 33679
0 LEMUR 2 MANO
1 57390U 23100E   24015.43310132  .00013760  00000-0  10631-2 0  9999
2 57390  99.4877 184.9079 0014591  67.6404 292.6360 15.01614289 27188
0 LEMUR 2 MANO
1 57390U 23100E   24016.43261004  .00012733  00000-0  98378-3 0  9997
2 57390  99.4876 186.1279 0014518  64.5361 295.7358 15.01638888 27339
0 LEMUR 2 MANO
1 57390U 23100E   24017.03230761  .00011473  00000-0  88699-3 0  9995
2 57390  99.4875 186.8599 0014486  62.5436 297.7254 15.01651891 27421
0 LEMUR 2 MANO
1 57390U 23100E   24017.43210283  .00011178  00000-0  86420-3 0  9998
2 57390  99.4874 187.3479 0014464  61.3189 298.9482 15.01661221 27481
0 LEMUR 2 MANO
1 57390U 23100E   24018.43158042  .00010733  00000-0  82962-3 0  9996
2 57390  99.4872 188.5678 0014403  57.8932 302.3682 15.01683336 27632
0 LEMUR 2 MANO
1 57390U 23100E   24019.43104245  .00011593  00000-0  89488-3 0  9998
2 57390  99.4870 189.7879 0014369  54.6699 305.5861 15.01707617 27781
0 LEMUR 2 MANO
1 57390U 23100E   24020.03071223  .00011164  00000-0  86180-3 0  9995
2 57390  99.4869 190.5199 0014340  52.6776 307.5747 15.01720962 27870
0 LEMUR 2 MANO
1 57390U 23100E   24020.43048937  .00010333  00000-0  79802-3 0  9995
2 57390  99.4869 191.0078 0014334  51.3727 308.8772 15.01728873 27935
0 LEMUR 2 MANO
1 57390U 23100E   24020.89689286  .00011140  00000-0  85951-3 0  9992
2 57390  99.4868 191.5772 0014326  49.7949 310.4521 15.01739850 28005
0 LEMUR 2 DEVERILL-M-T
1 57391U 23100F   24015.45822903  .00014292  00000-0  10967-2 0  9999
2 57391  99.4703 184.8540 0014315  69.1688 291.1062 15.01866124 27195
0 LEMUR 2 DEVERILL-M-T
1 57391U 23100F   24016.39094805  .00013479  00000-0  10341-2 0  9997
2 57391  99.4701 185.9906 0014350  66.1914 294.0808 15.01890771 27330
0 LEMUR 2 DEVERILL-M-T
1 57391U 23100F   24016.92392316  .00012648  00000-0  97054-3 0  9998
2 57391  99.4700 186.6401 0014354  64.6367 295.6337 15.01904169 27416
0 LEMUR 2 DEVERILL-M-T
1 57391U 23100F   24017.05716615  .00012355  00000-0  94814-3 0  9991
2 57391  99.4702 186.8027 0014345  64.3943 295.8756 15.01907359 27434
0 LEMUR 2 DEVERILL-M-T
1 57391U 23100F   24017.45689351  .00011918  00000-0  91471-3 0  9991
2 57391  99.4702 187.2900 0014367  63.1713 297.0973 15.01917539 27497
0 LEMUR 2 DEVERILL-M-T
1 57391U 23100F   24018.45620036  .00011353  00000-0  87113-3 0  9998
2 57391  99.4701 188.5082 0014378  60.1091 300.1554 15.01941614 27648
0 LEMUR 2 DEVERILL-M-T
1 57391U 23100F   24018.92253800  .00012007  00000-0  92055-3 0  9999
2 57391  99.4699 189.0766 0014345  58.7866 301.4757 15.01953299 27715
0 LEMUR 2 DEVERILL-M-T
1 57391U 23100F   24019.45549114  .00011901  00000-0  91221-3 0  9990
2 57391  99.4700 189.7264 0014378  57.0698 303.1901 15.01966287 27798
0 LEMUR 2 DEVERILL-M-T
1 57391U 23100F   24019.92182116  .00011778  00000-0  90262-3 0  9993
2 57391  99.4698 190.2949 0014355  55.6241 304.6333 15.01977377 27869
0 LEMUR 2 DEVERILL-M-T
1 57391U 23100F   24020.05505775  .00011609  00000-0  88972-3 0  9997
2 57391  99.4698 190.4573 0014350  55.1734 305.0832 15.01980309 27881
0 LEMUR 2 DEVERILL-M-T
1 57391U 23100F   24020.45476602  .00010639  00000-0  81584-3 0  9991
2 57391  99.4696 190.9447 0014365  53.8314 306.4231 15.01988689 27943
0 LEMUR 2 DEVERILL-M-T
1 57391U 23100F   24020.92108889  .00011193  00000-0  85767-3 0  9995
2 57391  99.4696 191.5132 0014292  52.8003 307.4518 15.01999799 28016
0 LEMUR 2 BASS
1 58259U 23174D   24015.20774399  .00013116  00000-0  71584-3 0  9999
2 58259  97.4714  91.9547 0013760  64.7124 295.5532 15.14388693 10357
0 LEMUR 2 BASS
1 58259U 23174D   24015.73634288  .00012259  00000-0  66916-3 0  9999
2 58259  97.4711  92.4737 0013798  63.0496 297.2143 15.14401591 10435
0 LEMUR 2 BASS
1 58259U 23174D   24016.19886298  .00011571  00000-0  63163-3 0  9997
2 58259  97.4710  92.9277 0013778  61.5861 298.6758 15.14412876 10508
0 LEMUR 2 BASS
1 58259U 23174D   24016.72745338  .00010890  00000-0  59456-3 0  9998
2 58259  97.4708  93.4465 0013772  59.8332 300.4262 15.14424714 10581
0 LEMUR 2 BASS
1 58259U 23174D   24017.18996639  .00010578  00000-0  57745-3 0  9993
2 58259  97.4706  93.9009 0013751  58.4352 301.8221 15.14435445 10653
0 LEMUR 2 BASS
1 58259U 23174D   24017.71854898  .00010723  00000-0  58512-3 0  9997
2 58259  97.4705  94.4200 0013685  56.7374 303.5167 15.14447047 10730
0 LEMUR 2 BASS
1 58259U 23174D   24018.18105551  .00010264  00000-0  56012-3 0  9997
2 58259  97.4704  94.8742 0013634  55.2350 305.0163 15.14456610 10803
0 LEMUR 2 BASS
1 58259U 23174D   24018.77570257  .00010642  00000-0  58044-3 0  9998
2 58259  97.4704  95.4584 0013543  53.3527 306.8948 15.14468954 10891
0 LEMUR 2 BASS
1 58259U 23174D   24019.17213148  .00010753  00000-0  58633-3 0  9993
2 58259  97.4705  95.8477 0013509  52.0819 308.1632 15.14477117 10952
0 LEMUR 2 BASS
1 58259U 23174D   24019.76676999  .00011626  00000-0  63333-3 0  9998
2 58259  97.4706  96.4317 0013444  50.2369 310.0045 15.14491144 11048
0 LEMUR 2 BASS
1 58259U 23174D   24020.16319272  .00011538  00000-0  62837-3 0  9992
2 58259  97.4708  96.8211 0013433  48.8486 311.3903 15.14500334 11104
0 LEMUR 2 BASS
1 58259U 23174D   24020.75782266  .00010873  00000-0  59224-3 0  9991
2 58259  97.4710  97.4048 0013377  47.0171 313.2180 15.14512716 11195
0 LEMUR 2 DILIGHTFUL
1 58260U 23174E   24015.12644713  .00022516  00000-0  11981-2 0  9996
2 58260  97.4774  91.9650 0012889  64.6693 295.5872 15.15181599 10344
0 LEMUR 2 DILIGHTFUL
1 58260U 23174E   24015.52268748  .00020819  00000-0  11078-2 0  9991
2 58260  97.4772  92.3548 0012827  63.5467 296.7080 15.15199690 10404
0 LEMUR 2 DILIGHTFUL
1 58260U 23174E   24015.91892375  .00019951  00000-0  10614-2 0  9993
2 58260  97.4771  92.7448 0012798  62.1582 298.0946 15.15216128 10464
0 LEMUR 2 DILIGHTFUL
1 58260U 23174E   24016.44723170  .00020916  00000-0  11117-2 0  9990
2 58260  97.4769  93.2645 0012710  60.3828 299.8669 15.15239661 10540
0 LEMUR 2 DILIGHTFUL
1 58260U 23174E   24016.51326963  .00019634  00000-0  10439-2 0  9998
2 58260  97.4769  93.3294 0012700  60.1386 300.1106 15.15241726 10555
0 LEMUR 2 DILIGHTFUL
1 58260U 23174E   24016.90949520  .00019976  00000-0  10615-2 0  9996
2 58260  97.4769  93.7194 0012669  58.7525 301.4947 15.15257705 10618
0 LEMUR 2 DILIGHTFUL
1 58260U 23174E   24017.50382560  .00020279  00000-0  10768-2 0  9995
2 58260  97.4769  94.3041 0012574  56.5854 303.6580 15.15281744 10709
0 LEMUR 2 DILIGHTFUL
1 58260U 23174E   24017.83400575  .00020248  00000-0  10748-2 0  9992
2 58260  97.4769  94.6290 0012582  55.5026 304.7392 15.15293824 10757
0 LEMUR 2 DILIGHTFUL
1 58260U 23174E   24017.90004120  .00019611  00000-0  10411-2 0  9995
2 58260  97.4769  94.6939 0012597  55.2013 305.0403 15.15296591 10768
0 LEMUR 2 DILIGHTFUL
1 58260U 23174E   24018.49435626  .00020965  00000-0  11118-2 0  9998
2 58260  97.4771  95.2789 0012560  53.1419 307.0963 15.15321632 10856
0 LEMUR 2 DILIGHTFUL
1 58260U 23174E   24018.89056162  .00020008  00000-0  10609-2 0  9998
2 58260  97.4772  95.6687 0012563  51.7788 308.4573 15.15336174 10910
0 LEMUR 2 DILIGHTFUL
1 58260U 23174E   24019.15469588  .00020352  00000-0  10787-2 0  9997
2 58260  97.4773  95.9287 0012563  51.0077 309.2272 15.15347657 10951
0 LEMUR 2 DILIGHTFUL
1 58260U 23174E   24019.48486081  .00020814  00000-0  11026-2 0  9990
2 58260  97.4774  96.2537 0012570  49.7897 310.4433 15.15361589 11006
0 LEMUR 2 DILIGHTFUL
1 58260U 23174E   24019.94708713  .00019824  00000-0  10499-2 0  9992
2 58260  97.4776  96.7087 0012563  48.3043 311.9263 15.15379667 11073
0 LEMUR 2 DILIGHTFUL
1 58260U 23174E   24020.47533888  .00018564  00000-0  98301-3 0  9990
2 58260  97.4777  97.2287 0012568  46.6928 313.5350 15.15399316 11157
0 LEMUR 2 DILIGHTFUL
1 58260U 23174E   24020.54137004  .00018455  00000-0  97721-3 0  9992
2 58260  97.4776  97.2936 0012569  46.5608 313.6668 15.15401607 11163
0 LEMUR 2 DILIGHTFUL
1 58260U 23174E   24020.93755369  .00018489  00000-0  97859-3 0  9994
2 58260  97.4777  97.6835 0012562  45.3713 314.8541 15.15417035 11225
0 LEMUR 2 GOOD-VIBES
1 58263U 23174H   24015.52562252  .00019411  00000-0  10383-2 0  9995
2 58263  97.4719  92.3058 0012389  65.7061 294.5464 15.15033560 10406
0 LEMUR 2 GOOD-VIBES
1 58263U 23174H   24015.78980954  .00018884  00000-0  10100-2 0  9996
2 58263  97.4718  92.5655 0012368  64.8325 295.4188 15.15044029 10449
0 LEMUR 2 GOOD-VIBES
1 58263U 23174H   24015.92190237  .00018333  00000-0  98057-3 0  9996
2 58263  97.4718  92.6953 0012351  64.4084 295.8423 15.15048595 10461
0 LEMUR 2 GOOD-VIBES
1 58263U 23174H   24016.51631479  .00017345  00000-0  92747-3 0  9992
2 58263  97.4715  93.2795 0012297  62.5575 297.6906 15.15070314 10552
0 LEMUR 2 GOOD-VIBES
1 58263U 23174H   24016.91258484  .00017755  00000-0  94886-3 0  9998
2 58263  97.4715  93.6691 0012244  61.1906 299.0554 15.15085777 10617
0 LEMUR 2 GOOD-VIBES
1 58263U 23174H   24017.17676290  .00017410  00000-0  93030-3 0  9994
2 58263  97.4714  93.9287 0012216  60.3207 299.9240 15.15095419 10653
0 LEMUR 2 GOOD-VIBES
1 58263U 23174H   24017.50698321  .00018084  00000-0  96576-3 0  9996
2 58263  97.4714  94.2534 0012177  59.1733 301.0696 15.15107515 10705
0 LEMUR 2 GOOD-VIBES
1 58263U 23174H   24017.90324458  .00017302  00000-0  92393-3 0  9992
2 58263  97.4714  94.6428 0012162  57.9007 302.3404 15.15120373 10769
0 LEMUR 2 GOOD-VIBES
1 58263U 23174H   24018.36554439  .00017879  00000-0  95407-3 0  9995
2 58263  97.4715  95.0974 0012150  56.3661 303.8729 15.15137570 10838
0 LEMUR 2 GOOD-VIBES
1 58263U 23174H   24018.89388126  .00018441  00000-0  98336-3 0  9991
2 58263  97.4717  95.6168 0012101  54.4356 305.8003 15.15156851 10916
0 LEMUR 2 GOOD-VIBES
1 58263U 23174H   24019.48825120  .00019449  00000-0  10361-2 0  9997
2 58263  97.4719  96.2012 0012098  52.4339 307.7990 15.15180648 11005
0 LEMUR 2 GOOD-VIBES
1 58263U 23174H   24019.55429157  .00019932  00000-0  10616-2 0  9995
2 58263  97.4718  96.2661 0012095  52.1962 308.0364 15.15184161 11014
0 LEMUR 2 GOOD-VIBES
1 58263U 23174H   24019.95053300  .00018477  00000-0  98418-3 0  9992
2 58263  97.4720  96.6556 0012115  50.9607 309.2701 15.15197510 11075
0 LEMUR 2 GOOD-VIBES
1 58263U 23174H   24020.54488616  .00019836  00000-0  10553-2 0  9994
2 58263  97.4720  97.2400 0012136  49.0280 311.2000 15.15223284 11162
0 LEMUR 2 GOOD-VIBES
1 58263U 23174H   24020.74300180  .00019901  00000-0  10585-2 0  9993
2 58263  97.4720  97.4346 0012138  48.5613 311.6660 15.15231842 11197
0 LEMUR 2 GOOD-VIBES
1 58263U 23174H   24020.94111605  .00020663  00000-0  10985-2 0  9998
2 58263  97.4721  97.6294 0012140  47.9588 312.2675 15.15241148 11226
0 LEMUR 2 SANITA-VETRA
1 58267U 23174M   24015.45021580  .00023137  00000-0  12242-2 0  9991
2 58267  97.4701  92.2359 0011767  64.6201 295.6248 15.15389644 10394
0 LEMUR 2 SANITA-VETRA
1 58267U 23174M   24015.91243342  .00020658  00000-0  10932-2 0  9993
2 58267  97.4702  92.6908 0011722  63.1541 297.0888 15.15408419 10467
0 LEMUR 2 SANITA-VETRA
1 58267U 23174M   24016.44067406  .00022604  00000-0  11947-2 0  9997
2 58267  97.4701  93.2101 0011637  61.6308 298.6097 15.15433840 10541
0 LEMUR 2 SANITA-VETRA
1 58267U 23174M   24016.70479197  .00020142  00000-0  10650-2 0  9995
2 58267  97.4701  93.4697 0011615  60.8105 299.4288 15.15443472 10582
0 LEMUR 2 SANITA-VETRA
1 58267U 23174M   24016.90287868  .00021338  00000-0  11276-2 0  9992
2 58267  97.4701  93.6647 0011629  60.1330 300.1056 15.15452444 10613
0 LEMUR 2 SANITA-VETRA
1 58267U 23174M   24017.49713272  .00021415  00000-0  11308-2 0  9992
2 58267  97.4701  94.2487 0011589  58.0630 302.1728 15.15478075 10702
0 LEMUR 2 SANITA-VETRA
1 58267U 23174M   24017.82727018  .00021379  00000-0  11285-2 0  9995
2 58267  97.4702  94.5734 0011607  57.0353 303.1994 15.15490909 10754
0 LEMUR 2 SANITA-VETRA
1 58267U 23174M   24017.89329707  .00020780  00000-0  10970-2 0  9990
2 58267  97.4702  94.6382 0011603  56.6698 303.5644 15.15493173 10760
0 LEMUR 2 SANITA-VETRA
1 58267U 23174M   24018.48753536  .00018525  00000-0  97803-3 0  9992
2 58267  97.4704  95.2227 0011601  54.8711 305.3607 15.15516171 10854
0 LEMUR 2 SANITA-VETRA
1 58267U 23174M   24018.88368898  .00019884  00000-0  10488-2 0  9991
2 58267  97.4704  95.6121 0011617  53.2044 307.0252 15.15533279 10910
0 LEMUR 2 SANITA-VETRA
1 58267U 23174M   24019.14778893  .00020431  00000-0  10771-2 0  9996
2 58267  97.4704  95.8719 0011625  52.4681 307.7606 15.15545075 10953
0 LEMUR 2 SANITA-VETRA
1 58267U 23174M   24019.47791078  .00021243  00000-0  11192-2 0  9992
2 58267  97.4705  96.1966 0011634  51.4463 308.7810 15.15559703 11007
0 LEMUR 2 SANITA-VETRA
1 58267U 23174M   24019.94007686  .00019860  00000-0  10462-2 0  9990
2 58267  97.4706  96.6512 0011634  50.1210 310.1043 15.15577679 11070
0 LEMUR 2 SANITA-VETRA
1 58267U 23174M   24020.46825947  .00018235  00000-0  96053-3 0  9993
2 58267  97.4706  97.1708 0011632  48.6779 311.5452 15.15598462 11154
0 LEMUR 2 SANITA-VETRA
1 58267U 23174M   24020.93041353  .00019396  00000-0  10208-2 0  9992
2 58267  97.4707  97.6255 0011605  47.2628 312.9579 15.15616633 11229
0 LEMUR 2 MARAPAMASM
1 58332U 23174CE  24015.50021135  .00031312  00000-0  15524-2 0  9996
2 58332  97.4694  92.4647 0010468  28.1234 332.0563 15.17627511 10417
0 LEMUR 2 MARAPAMASM
1 58332U 23174CE  24015.82988054  .00029069  00000-0  14411-2 0  9993
2 58332  97.4691  92.7893 0010462  27.0344 333.1432 15.17645851 10463
0 LEMUR 2 MARAPAMASM
1 58332U 23174CE  24016.48920580  .00030028  00000-0  14866-2 0  9997
2 58332  97.4694  93.4402 0010467  24.7664 335.4070 15.17686307 10569
0 LEMUR 2 MARAPAMASM
1 58332U 23174CE  24016.81886281  .00026151  00000-0  12952-2 0  9999
2 58332  97.4694  93.7655 0010471  23.8110 336.3606 15.17701801 10611
0 LEMUR 2 MARAPAMASM
1 58332U 23174CE  24016.88479333  .00027297  00000-0  13514-2 0  9999
2 58332  97.4694  93.8306 0010475  23.6043 336.5669 15.17706743 10624
0 LEMUR 2 MARAPAMASM
1 58332U 23174CE  24017.54409336  .00025996  00000-0  12861-2 0  9997
2 58332  97.4693  94.4810 0010470  21.4351 338.7319 15.17742067 10729
0 LEMUR 2 MARAPAMASM
1 58332U 23174CE  24017.74188041  .00025955  00000-0  12837-2 0  9994
2 58332  97.4694  94.6759 0010408  20.8842 339.2815 15.17752603 10750
0 LEMUR 2 MARAPAMASM
1 58332U 23174CE  24018.13745049  .00026237  00000-0  12968-2 0  9994
2 58332  97.4694  95.0664 0010443  19.6545 340.5090 15.17772845 10812
0 LEMUR 2 MARAPAMASM
1 58332U 23174CE  24018.53301552  .00024632  00000-0  12173-2 0  9990
2 58332  97.4693  95.4566 0010374  18.5778 341.5832 15.17791706 10873
0 LEMUR 2 MARAPAMASM
1 58332U 23174CE  24018.92857491  .00026483  00000-0  13074-2 0  9998
2 58332  97.4693  95.8472 0010358  17.1269 343.0312 15.17813125 10932
0 LEMUR 2 MARAPAMASM
1 58332U 23174CE  24019.45597878  .00025604  00000-0  12633-2 0  9991
2 58332  97.4694  96.3677 0010288  15.2591 344.8951 15.17841207 11015
0 LEMUR 2 MARAPAMASM
1 58332U 23174CE  24019.52190366  .00025309  00000-0  12487-2 0  9999
2 58332  97.4694  96.4327 0010275  15.0786 345.0752 15.17844551 11026
0 LEMUR 2 MARAPAMASM
1 58332U 23174CE  24019.91744924  .00025540  00000-0  12593-2 0  9992
2 58332  97.4694  96.8233 0010244  13.4873 346.6632 15.17865495 11081
0 LEMUR 2 MARAPAMASM
1 58332U 23174CE  24020.51075816  .00024638  00000-0  12141-2 0  9993
2 58332  97.4695  97.4087 0010178  10.9624 349.1830 15.17894987 11174
0 LEMUR 2 MARAPAMASM
1 58332U 23174CE  24020.70852576  .00023401  00000-0  11532-2 0  9990
2 58332  97.4695  97.6039 0010165  10.2092 349.9346 15.17903409 11205
0 LEMUR 2 MARAPAMASM
1 58332U 23174CE  24020.90629153  .00025782  00000-0  12694-2 0  9999
2 58332  97.4696  97.7993 0010187   9.4961 350.6464 15.17914244 11237
0 LEMUR 2 THE-CLEANER
1 58333U 23174CF  24015.18107256  .00024110  00000-0  12166-2 0  9997
2 58333  97.4702  92.1339 0010417  28.4448 331.7352 15.17065500 10367
0 LEMUR 2 THE-CLEANER
1 58333U 23174CF  24015.77469505  .00021646  00000-0  10922-2 0  9999
2 58333  97.4700  92.7191 0010298  26.4007 333.7749 15.17091215 10457
0 LEMUR 2 THE-CLEANER
1 58333U 23174CF  24016.17043780  .00021696  00000-0  10942-2 0  9994
2 58333  97.4699  93.1094 0010339  24.4766 335.6956 15.17108301 10510
0 LEMUR 2 THE-CLEANER
1 58333U 23174CF  24016.76404308  .00020794  00000-0  10482-2 0  9993
2 58333  97.4700  93.6944 0010262  22.5866 337.5817 15.17134503 10607
0 LEMUR 2 THE-CLEANER
1 58333U 23174CF  24017.15977429  .00021226  00000-0  10693-2 0  9991
2 58333  97.4700  94.0845 0010314  20.9761 339.1894 15.17152176 10661
0 LEMUR 2 THE-CLEANER
1 58333U 23174CF  24017.75336313  .00020997  00000-0  10571-2 0  9997
2 58333  97.4703  94.6696 0010255  19.0699 341.0916 15.17177355 10750
0 LEMUR 2 THE-CLEANER
1 58333U 23174CF  24018.74265760  .00019740  00000-0  99307-3 0  9993
2 58333  97.4706  95.6448 0010236  16.2518 343.9042 15.17216058 10909
0 LEMUR 2 THE-CLEANER
1 58333U 23174CF  24019.20431930  .00020139  00000-0  10125-2 0  9993
2 58333  97.4706  96.0999 0010248  14.6020 345.5507 15.17234896 10979
0 LEMUR 2 THE-CLEANER
1 58333U 23174CF  24019.73192538  .00019761  00000-0  99301-3 0  9992
2 58333  97.4707  96.6201 0010124  12.9909 347.1584 15.17257345 11059
0 LEMUR 2 THE-CLEANER
1 58333U 23174CF  24020.12762513  .00019598  00000-0  98440-3 0  9994
2 58333  97.4708  97.0107 0010136  11.5641 348.5823 15.17272411 11110
0 LEMUR 2 THE-CLEANER
1 58333U 23174CF  24020.19357475  .00018753  00000-0  94217-3 0  9998
2 58333  97.4707  97.0757 0010157  11.2927 348.8532 15.17274247 11127
0 LEMUR 2 THE-CLEANER
1 58333U 23174CF  24020.72116762  .00018621  00000-0  93506-3 0  9993
2 58333  97.4706  97.5960 0010176   9.2038 350.9380 15.17294358 11207
0 LEMUR 2 JK0903EM1407
1 58336U 23174CJ  24015.19587982  .00013887  00000-0  71922-3 0  9994
2 58336  97.4705  92.1159 0010583  30.4829 329.7017 15.16269632 10369
0 LEMUR 2 JK0903EM1407
1 58336U 23174CJ  24015.72382333  .00012641  00000-0  65488-3 0  9993
2 58336  97.4701  92.6356 0010534  28.6230 331.5579 15.16282383 10441
0 LEMUR 2 JK0903EM1407
1 58336U 23174CJ  24016.18577001  .00011725  00000-0  60755-3 0  9996
2 58336  97.4700  93.0904 0010482  26.9708 333.2068 15.16293648 10513
0 LEMUR 2 JK0903EM1407
1 58336U 23174CJ  24016.44973780  .00012578  00000-0  65129-3 0  9996
2 58336  97.4700  93.3503 0010437  26.1396 334.0362 15.16300936 10555
0 LEMUR 2 JK0903EM1407
1 58336U 23174CJ  24016.71370488  .00011522  00000-0  59691-3 0  9997
2 58336  97.4699  93.6103 0010387  25.2688 334.9051 15.16306222 10591
0 LEMUR 2 JK0903EM1407
1 58336U 23174CJ  24017.17564436  .00011511  00000-0  59613-3 0  9998
2 58336  97.4699  94.0652 0010332  23.6811 336.4896 15.16317431 10661
0 LEMUR 2 JK0903EM1407
1 58336U 23174CJ  24017.76956169  .00012365  00000-0  63977-3 0  9997
2 58336  97.4697  94.6500 0010293  21.4748 338.6915 15.16332271 10753
0 LEMUR 2 JK0903EM1407
1 58336U 23174CJ  24018.16550347  .00012215  00000-0  63191-3 0  9992
2 58336  97.4698  95.0398 0010260  20.1978 339.9659 15.16341741 10817
0 LEMUR 2 JK0903EM1407
1 58336U 23174CJ  24018.75941147  .00012417  00000-0  64205-3 0  9990
2 58336  97.4699  95.6245 0010226  18.2276 341.9322 15.16356277 10906
0 LEMUR 2 JK0903EM1407
1 58336U 23174CJ  24019.15534694  .00012549  00000-0  64865-3 0  9998
2 58336  97.4701  96.0144 0010208  16.9320 343.2252 15.16366259 10962
0 LEMUR 2 JK0903EM1407
1 58336U 23174CJ  24019.74924497  .00012396  00000-0  64049-3 0  9991
2 58336  97.4702  96.5993 0010174  15.1691 344.9845 15.16381419 11056
0 LEMUR 2 JK0903EM1407
1 58336U 23174CJ  24020.47511243  .00011471  00000-0  59276-3 0  9993
2 58336  97.4705  97.3136 0010105  12.7226 347.4260 15.16398165 11165
0 LEMUR 2 JK0903EM1407
1 58336U 23174CJ  24020.73906224  .00011331  00000-0  58551-3 0  9999
2 58336  97.4706  97.5736 0010058  11.9977 348.1494 15.16404816 11208
0 LEMUR 2 MJR092620
1 58340U 23174CN  24015.18971138  .00013951  00000-0  71922-3 0  9990
2 58340  97.4764  92.1739 0011772  27.4068 332.7784 15.16418322 10362
0 LEMUR 2 MJR092620
1 58340U 23174CN  24015.71760303  .00012766  00000-0  65828-3 0  9990
2 58340  97.4762  92.6941 0011715  25.4810 334.6998 15.16431102 10448
0 LEMUR 2 MJR092620
1 58340U 23174CN  24016.17950427  .00012222  00000-0  63023-3 0  9991
2 58340  97.4762  93.1496 0011670  23.7558 336.4211 15.16442880 10510
0 LEMUR 2 MJR092620
1 58340U 23174CN  24016.70738687  .00012401  00000-0  63918-3 0  9994
2 58340  97.4760  93.6699 0011598  21.9674 338.2053 15.16456604 10597
0 LEMUR 2 MJR092620
1 58340U 23174CN  24017.16928029  .00012694  00000-0  65393-3 0  9999
2 58340  97.4763  94.1255 0011575  20.3141 339.8550 15.16469013 10666
0 LEMUR 2 MJR092620
1 58340U 23174CN  24017.76313857  .00012716  00000-0  65478-3 0  9991
2 58340  97.4760  94.7103 0011512  18.1333 342.0308 15.16483295 10755
0 LEMUR 2 MJR092620
1 58340U 23174CN  24018.48895741  .00011946  00000-0  61513-3 0  9998
2 58340  97.4763  95.4260 0011464  15.8472 344.3117 15.16500091 10863
0 LEMUR 2 MJR092620
1 58340U 23174CN  24018.75288924  .00012437  00000-0  64008-3 0  9995
2 58340  97.4761  95.6857 0011432  15.1253 345.0319 15.16507924 10909
0 LEMUR 2 MJR092620
1 58340U 23174CN  24019.14878503  .00012448  00000-0  64050-3 0  9996
2 58340  97.4764  96.0758 0011416  13.8634 346.2910 15.16517919 10968
0 LEMUR 2 MJR092620
1 58340U 23174CN  24019.74262350  .00012367  00000-0  63607-3 0  9996
2 58340  97.4766  96.6610 0011342  12.1014 348.0489 15.16533109 11056
0 LEMUR 2 MJR092620
1 58340U 23174CN  24020.20449386  .00011524  00000-0  59287-3 0  9998
2 58340  97.4767  97.1163 0011265  10.7542 349.3930 15.16544051 11121
0 LEMUR 2 MJR092620
1 58340U 23174CN  24020.73234177  .00011639  00000-0  59853-3 0  9992
2 58340  97.4767  97.6368 0011268   8.8119 351.3310 15.16556728 11202
