0 LEMUR 2 ANDIS
1 42838U 17042P   24003.52937592  .00006480  00000-0  52045-3 0  9997
2 42838  97.3695 200.2824 0012313 245.7892 114.2046 15.00301819352771
0 LEMUR 2 ANDIS
1 42838U 17042P   24003.52937592  .00006480  00000-0  52045-3 0  9997
2 42838  97.3695 200.2824 0012313 245.7892 114.2046 15.00301819352771
0 LEMUR 2 ANDIS
1 42838U 17042P   24004.52980007  .00005915  00000-0  47536-3 0  9998
2 42838  97.3698 201.2311 0012419 241.1120 118.8859 15.00313560352922
0 LEMUR 2 ANDIS
1 42838U 17042P   24004.52980007  .00005915  00000-0  47536-3 0  9998
2 42838  97.3698 201.2311 0012419 241.1120 118.8859 15.00313560352922
0 LEMUR 2 ANDIS
1 42838U 17042P   24005.53021585  .00006295  00000-0  50538-3 0  9995
2 42838  97.3698 202.1796 0012489 236.9473 123.0553 15.00326978353072
0 LEMUR 2 ANDIS
1 42838U 17042P   24005.53021585  .00006295  00000-0  50538-3 0  9995
2 42838  97.3698 202.1796 0012489 236.9473 123.0553 15.00326978353072
0 LEMUR 2 MONSON
1 42839U 17042Q   24003.06818414  .00005936  00000-0  48472-3 0  9992
2 42839  97.3748 199.4888 0010722 250.3083 109.6984 14.99715948352662
0 LEMUR 2 MONSON
1 42839U 17042Q   24003.53523213  .00005675  00000-0  46351-3 0  9998
2 42839  97.3749 199.9314 0010674 248.5844 111.4241 14.99721098352730
0 LEMUR 2 MONSON
1 42839U 17042Q   24004.46932288  .00005735  00000-0  46823-3 0  9998
2 42839  97.3749 200.8165 0010630 244.7212 115.2911 14.99732164352872
0 LEMUR 2 MONSON
1 42839U 17042Q   24004.53604357  .00005383  00000-0  43982-3 0  9991
2 42839  97.3749 200.8799 0010630 244.3466 115.6660 14.99732118352887
0 LEMUR 2 MONSON
1 42839U 17042Q   24005.47012749  .00005524  00000-0  45105-3 0  9999
2 42839  97.3750 201.7652 0010653 239.8400 120.1769 14.99742844353024
0 LEMUR 2 MONSON
1 42839U 17042Q   24005.53684776  .00005096  00000-0  41652-3 0  9998
2 42839  97.3750 201.8284 0010652 239.5576 120.4596 14.99742573353037
0 LEMUR 2 FURIAUS
1 42840U 17042R   24003.50545665  .00006019  00000-0  48925-3 0  9994
2 42840  97.3823 200.3212 0008846 263.9184  96.1032 14.99899579352721
0 LEMUR 2 FURIAUS
1 42840U 17042R   24003.50545665  .00006019  00000-0  48925-3 0  9994
2 42840  97.3823 200.3212 0008846 263.9184  96.1032 14.99899579352721
0 LEMUR 2 FURIAUS
1 42840U 17042R   24003.83902135  .00006281  00000-0  51028-3 0  9998
2 42840  97.3824 200.6377 0008866 262.7088  97.3129 14.99904119352771
0 LEMUR 2 FURIAUS
1 42840U 17042R   24004.50614748  .00006083  00000-0  49423-3 0  9999
2 42840  97.3823 201.2707 0008911 260.1050  99.9168 14.99912592352872
0 LEMUR 2 FURIAUS
1 42840U 17042R   24004.50614748  .00006083  00000-0  49423-3 0  9999
2 42840  97.3823 201.2707 0008911 260.1050  99.9168 14.99912592352872
0 LEMUR 2 FURIAUS
1 42840U 17042R   24005.50682971  .00006179  00000-0  50176-3 0  9996
2 42840  97.3823 202.2202 0008981 256.4895 103.5329 14.99925626353026
0 LEMUR 2 FURIAUS
1 42840U 17042R   24005.50682971  .00006179  00000-0  50176-3 0  9996
2 42840  97.3823 202.2202 0008981 256.4895 103.5329 14.99925626353026
0 LEMUR 2 FURIAUS
1 42840U 17042R   24005.84038876  .00006033  00000-0  49001-3 0  9996
2 42840  97.3824 202.5367 0009026 255.5918 104.4305 14.99929310353072
0 LEMUR 2 PETERG
1 42841U 17042S   24003.08320047  .00007712  00000-0  62757-3 0  9993
2 42841  97.3780 201.2516 0009069 245.1023 114.9258 14.99769257352732
0 LEMUR 2 PETERG
1 42841U 17042S   24003.48351269  .00007659  00000-0  62317-3 0  9999
2 42841  97.3780 201.6312 0009026 243.6376 116.3922 14.99775692352797
0 LEMUR 2 PETERG
1 42841U 17042S   24004.08397816  .00007682  00000-0  62491-3 0  9993
2 42841  97.3782 202.2003 0009053 240.5921 119.4400 14.99784992352883
0 LEMUR 2 PETERG
1 42841U 17042S   24004.55100492  .00006796  00000-0  55334-3 0  9990
2 42841  97.3783 202.6431 0009047 238.4565 121.5776 14.99790081352950
0 LEMUR 2 PETERG
1 42841U 17042S   24005.08474721  .00006675  00000-0  54343-3 0  9993
2 42841  97.3784 203.1494 0009001 236.4490 123.5875 14.99797431353039
0 LEMUR 2 PETERG
1 42841U 17042S   24005.48505189  .00007390  00000-0  60102-3 0  9995
2 42841  97.3784 203.5289 0009004 234.6871 125.3512 14.99804234353095
0 LEMUR 2 DEMBITZ
1 42842U 17042T   24003.07140044  .00006607  00000-0  53376-3 0  9999
2 42842  97.3734 201.1996 0011220 244.1864 115.8203 15.00080378352752
0 LEMUR 2 DEMBITZ
1 42842U 17042T   24003.53833461  .00006527  00000-0  52733-3 0  9999
2 42842  97.3735 201.6426 0011215 242.2853 117.7234 15.00086788352821
0 LEMUR 2 DEMBITZ
1 42842U 17042T   24004.47219738  .00006488  00000-0  52399-3 0  9992
2 42842  97.3735 202.5278 0011207 238.3128 121.7004 15.00099377352961
0 LEMUR 2 DEMBITZ
1 42842U 17042T   24004.53890151  .00006265  00000-0  50617-3 0  9997
2 42842  97.3735 202.5912 0011220 237.8872 122.1264 15.00099880352974
0 LEMUR 2 DEMBITZ
1 42842U 17042T   24005.47275719  .00005956  00000-0  48133-3 0  9994
2 42842  97.3738 203.4769 0011222 234.0546 125.9638 15.00110761353111
0 LEMUR 2 DEMBITZ
1 42842U 17042T   24005.53946111  .00005541  00000-0  44812-3 0  9992
2 42842  97.3737 203.5402 0011215 233.8470 126.1717 15.00110621353127
0 LEMUR 2 ZACHARY
1 42845U 17042W   24003.52106870  .00006618  00000-0  49700-3 0  9999
2 42845  97.3813 201.3693 0007532 287.3242  72.7160 15.02900699352942
0 LEMUR 2 ZACHARY
1 42845U 17042W   24003.52106870  .00006618  00000-0  49700-3 0  9999
2 42845  97.3813 201.3693 0007532 287.3242  72.7160 15.02900699352942
0 LEMUR 2 ZACHARY
1 42845U 17042W   24004.51976195  .00006949  00000-0  52142-3 0  9995
2 42845  97.3811 202.3212 0007586 283.3152  76.7228 15.02915442353091
0 LEMUR 2 ZACHARY
1 42845U 17042W   24005.05239447  .00006460  00000-0  48495-3 0  9991
2 42845  97.3810 202.8288 0007622 281.2377  78.7992 15.02922455353176
0 LEMUR 2 ZACHARY
1 42845U 17042W   24005.51844556  .00007095  00000-0  53207-3 0  9997
2 42845  97.3809 203.2729 0007659 279.4514  80.5846 15.02930211353247
0 LEMUR 2 JIN-LUEN
1 43182U 18014C   24003.28355274  .00008738  00000-0  57323-3 0  9996
2 43182  97.6021 267.8604 0012780 194.2442 165.8427 15.07838673323719
0 LEMUR 2 JIN-LUEN
1 43182U 18014C   24003.28355274  .00008738  00000-0  57323-3 0  9996
2 43182  97.6021 267.8604 0012780 194.2442 165.8427 15.07838673323719
0 LEMUR 2 JIN-LUEN
1 43182U 18014C   24003.68172318  .00008862  00000-0  58116-3 0  9995
2 43182  97.6022 268.2540 0012829 192.8525 167.2378 15.07846219323776
0 LEMUR 2 JIN-LUEN
1 43182U 18014C   24004.61078050  .00008599  00000-0  56385-3 0  9990
2 43182  97.6026 269.1729 0012840 189.2894 170.8099 15.07862756323911
0 LEMUR 2 JIN-LUEN
1 43182U 18014C   24004.67714154  .00008478  00000-0  55597-3 0  9998
2 43182  97.6026 269.2386 0012816 188.9651 171.1350 15.07863690323924
0 LEMUR 2 JIN-LUEN
1 43182U 18014C   24004.67714154  .00008478  00000-0  55597-3 0  9998
2 43182  97.6026 269.2386 0012816 188.9651 171.1350 15.07863690323924
0 LEMUR 2 JIN-LUEN
1 43182U 18014C   24005.20802636  .00008702  00000-0  57035-3 0  9990
2 43182  97.6029 269.7635 0012947 187.1236 172.9810 15.07873712324000
0 LEMUR 2 JIN-LUEN
1 43182U 18014C   24005.67254856  .00007745  00000-0  50808-3 0  9993
2 43182  97.6031 270.2227 0012923 185.3234 174.7859 15.07879923324079
0 LEMUR 2 URAMCHANSOL
1 43183U 18014D   24003.26425708  .00009524  00000-0  59037-3 0  9993
2 43183  97.6017 268.7283 0012977 181.7553 178.3632 15.09895113323766
0 LEMUR 2 URAMCHANSOL
1 43183U 18014D   24003.26425708  .00009524  00000-0  59037-3 0  9993
2 43183  97.6017 268.7283 0012977 181.7553 178.3632 15.09895113323766
0 LEMUR 2 URAMCHANSOL
1 43183U 18014D   24003.66188574  .00009402  00000-0  58273-3 0  9990
2 43183  97.6017 269.1227 0013073 180.2089 179.9137 15.09902950323827
0 LEMUR 2 URAMCHANSOL
1 43183U 18014D   24004.19205421  .00009548  00000-0  59152-3 0  9998
2 43183  97.6016 269.6487 0013165 178.1561 181.9719 15.09913847323907
0 LEMUR 2 URAMCHANSOL
1 43183U 18014D   24004.72221979  .00008704  00000-0  53949-3 0  9994
2 43183  97.6016 270.1745 0013192 176.2156 183.9175 15.09921935323983
0 LEMUR 2 URAMCHANSOL
1 43183U 18014D   24004.72221979  .00008704  00000-0  53949-3 0  9994
2 43183  97.6016 270.1745 0013192 176.2156 183.9175 15.09921935323983
0 LEMUR 2 URAMCHANSOL
1 43183U 18014D   24005.18611173  .00008202  00000-0  50853-3 0  9998
2 43183  97.6017 270.6345 0013244 174.6385 185.4988 15.09929677324058
0 LEMUR 2 URAMCHANSOL
1 43183U 18014D   24005.71627108  .00008023  00000-0  49740-3 0  9996
2 43183  97.6018 271.1602 0013358 172.8222 187.3201 15.09938330324131
0 LEMUR 2 KADI
1 43184U 18014E   24003.25885795  .00007769  00000-0  50072-3 0  9998
2 43184  97.5882 267.4743 0011991 167.8435 192.3085 15.08538951323718
0 LEMUR 2 KADI
1 43184U 18014E   24003.65684408  .00007751  00000-0  49944-3 0  9997
2 43184  97.5882 267.8677 0012032 166.4204 193.7350 15.08545366323778
0 LEMUR 2 KADI
1 43184U 18014E   24004.18748948  .00008004  00000-0  51546-3 0  9999
2 43184  97.5882 268.3920 0012125 164.5260 195.6341 15.08554713323855
0 LEMUR 2 KADI
1 43184U 18014E   24004.18748948  .00008004  00000-0  51546-3 0  9999
2 43184  97.5882 268.3920 0012125 164.5260 195.6341 15.08554713323855
0 LEMUR 2 KADI
1 43184U 18014E   24004.71813233  .00007267  00000-0  46834-3 0  9992
2 43184  97.5881 268.9164 0012170 162.6868 197.4777 15.08561603323931
0 LEMUR 2 KADI
1 43184U 18014E   24005.24877179  .00007666  00000-0  49365-3 0  9995
2 43184  97.5881 269.4407 0012258 160.8428 199.3264 15.08570965324019
0 LEMUR 2 KADI
1 43184U 18014E   24005.24877179  .00007666  00000-0  49365-3 0  9995
2 43184  97.5881 269.4407 0012258 160.8428 199.3264 15.08570965324019
0 LEMUR 2 KADI
1 43184U 18014E   24005.71307936  .00006925  00000-0  44627-3 0  9999
2 43184  97.5878 269.8993 0012314 159.3497 200.8232 15.08576677324087
0 LEMUR 2 THENICKMOLO
1 43185U 18014F   24003.26988911  .00010372  00000-0  65667-3 0  9994
2 43185  97.5960 268.1159 0008135 168.3197 191.8222 15.09137196323738
0 LEMUR 2 THENICKMOLO
1 43185U 18014F   24003.53510808  .00010362  00000-0  65593-3 0  9997
2 43185  97.5960 268.3785 0008183 167.3000 192.8436 15.09142716323776
0 LEMUR 2 THENICKMOLO
1 43185U 18014F   24004.19815090  .00010898  00000-0  68929-3 0  9991
2 43185  97.5961 269.0348 0008326 164.8683 195.2796 15.09157749323877
0 LEMUR 2 THENICKMOLO
1 43185U 18014F   24004.19815090  .00010898  00000-0  68929-3 0  9991
2 43185  97.5961 269.0348 0008326 164.8683 195.2796 15.09157749323877
0 LEMUR 2 THENICKMOLO
1 43185U 18014F   24004.72858064  .00010064  00000-0  63673-3 0  9994
2 43185  97.5963 269.5599 0008433 162.8257 197.3258 15.09168593323950
0 LEMUR 2 THENICKMOLO
1 43185U 18014F   24005.25900665  .00010340  00000-0  65384-3 0  9996
2 43185  97.5964 270.0851 0008511 160.9794 199.1754 15.09179792324035
0 LEMUR 2 THENICKMOLO
1 43185U 18014F   24005.25900665  .00010340  00000-0  65384-3 0  9996
2 43185  97.5964 270.0851 0008511 160.9794 199.1754 15.09179792324035
0 LEMUR 2 THENICKMOLO
1 43185U 18014F   24005.72312668  .00008959  00000-0  56704-3 0  9997
2 43185  97.5965 270.5447 0008556 159.0976 201.0604 15.09187486324106
0 LEMUR 2 CHRISTINAHOLT
1 43882U 18111G   24003.25159293  .00014293  00000-0  83917-3 0  9992
2 43882  97.6425 275.2352 0008502 166.0929 194.0537 15.11803341274654
0 LEMUR 2 CHRISTINAHOLT
1 43882U 18111G   24003.25159293  .00014293  00000-0  83917-3 0  9992
2 43882  97.6425 275.2352 0008502 166.0929 194.0537 15.11803341272652
0 LEMUR 2 CHRISTINAHOLT
1 43882U 18111G   24003.71490648  .00014729  00000-0  86423-3 0  9994
2 43882  97.6425 275.6986 0008540 164.7405 195.4084 15.11817700274721
0 LEMUR 2 CHRISTINAHOLT
1 43882U 18111G   24004.24440242  .00016124  00000-0  94507-3 0  9991
2 43882  97.6425 276.2283 0008588 163.2957 196.8558 15.11834988274803
0 LEMUR 2 CHRISTINAHOLT
1 43882U 18111G   24004.70770690  .00014943  00000-0  87599-3 0  9995
2 43882  97.6425 276.6918 0008642 161.7057 198.4486 15.11847736274877
0 LEMUR 2 CHRISTINAHOLT
1 43882U 18111G   24004.70770690  .00014943  00000-0  87599-3 0  9995
2 43882  97.6425 276.6918 0008642 161.7057 198.4486 15.11847736272875
0 LEMUR 2 CHRISTINAHOLT
1 43882U 18111G   24005.30337729  .00016052  00000-0  94001-3 0  9993
2 43882  97.6429 277.2877 0008734 159.7552 200.4026 15.11867611274969
0 LEMUR 2 CHRISTINAHOLT
1 43882U 18111G   24005.70048705  .00014504  00000-0  84966-3 0  9999
2 43882  97.6430 277.6850 0008800 158.4209 201.7393 15.11878100275029
0 LEMUR 2 TINYKEV
1 43883U 18111H   24003.33415325  .00013987  00000-0  77099-3 0  9996
2 43883  97.6229 275.2739 0008903 161.0169 199.1396 15.14071744274737
0 LEMUR 2 TINYKEV
1 43883U 18111H   24003.33415325  .00013987  00000-0  77099-3 0  9996
2 43883  97.6229 275.2739 0008903 161.0169 199.1396 15.14071744272735
0 LEMUR 2 TINYKEV
1 43883U 18111H   24003.73068539  .00013429  00000-0  74020-3 0  9993
2 43883  97.6229 275.6710 0008960 159.7742 200.3846 15.14082586274791
0 LEMUR 2 TINYKEV
1 43883U 18111H   24004.19330235  .00014502  00000-0  79861-3 0  9990
2 43883  97.6226 276.1338 0009054 158.3517 201.8099 15.14096604274860
0 LEMUR 2 TINYKEV
1 43883U 18111H   24004.72200249  .00013438  00000-0  74014-3 0  9992
2 43883  97.6229 276.6628 0009033 156.6364 203.5279 15.14110851274947
0 LEMUR 2 TINYKEV
1 43883U 18111H   24004.72200249  .00013438  00000-0  74014-3 0  9992
2 43883  97.6229 276.6628 0009033 156.6364 203.5279 15.14110851272945
0 LEMUR 2 TINYKEV
1 43883U 18111H   24005.31678421  .00014099  00000-0  77591-3 0  9996
2 43883  97.6229 277.2581 0009045 154.8513 205.3160 15.14127825275030
0 LEMUR 2 TINYKEV
1 43883U 18111H   24005.71330175  .00013187  00000-0  72583-3 0  9994
2 43883  97.6229 277.6551 0009097 153.7319 206.4375 15.14137700275099
0 LEMUR 2 REMY-COLTON
1 43884U 18111J   24003.27707735  .00012491  00000-0  73060-3 0  9992
2 43884  97.6374 275.9846 0002482 111.9900 248.1594 15.11998580272723
0 LEMUR 2 REMY-COLTON
1 43884U 18111J   24003.74033108  .00012216  00000-0  71439-3 0  9993
2 43884  97.6374 276.4478 0002524 111.9518 248.1981 15.12010609272797
0 LEMUR 2 REMY-COLTON
1 43884U 18111J   24003.74033108  .00012216  00000-0  71439-3 0  9993
2 43884  97.6374 276.4478 0002524 111.9518 248.1981 15.12010609272797
0 LEMUR 2 REMY-COLTON
1 43884U 18111J   24004.20358131  .00013113  00000-0  76621-3 0  9996
2 43884  97.6373 276.9110 0002542 111.6667 248.4834 15.12022984272863
0 LEMUR 2 REMY-COLTON
1 43884U 18111J   24004.73300568  .00011793  00000-0  68940-3 0  9992
2 43884  97.6372 277.4404 0002554 111.4384 248.7119 15.12035214272949
0 LEMUR 2 REMY-COLTON
1 43884U 18111J   24005.19624815  .00011564  00000-0  67589-3 0  9991
2 43884  97.6372 277.9036 0002580 110.5324 249.6183 15.12046565273019
0 LEMUR 2 REMY-COLTON
1 43884U 18111J   24005.32860228  .00012478  00000-0  72881-3 0  9992
2 43884  97.6372 278.0359 0002581 111.7725 248.3780 15.12051085273032
0 LEMUR 2 REMY-COLTON
1 43884U 18111J   24005.72566378  .00011012  00000-0  64361-3 0  9992
2 43884  97.6372 278.4329 0002578 111.6209 248.5296 15.12059159273095
0 LEMUR 2 GUSTAVO
1 43885U 18111K   24003.27816671  .00012103  00000-0  71860-3 0  9999
2 43885  97.6362 275.2487 0014260 170.2459 189.9050 15.11382950274672
0 LEMUR 2 GUSTAVO
1 43885U 18111K   24003.74161000  .00011787  00000-0  69972-3 0  9998
2 43885  97.6362 275.7116 0014310 168.4869 191.6690 15.11394490274746
0 LEMUR 2 GUSTAVO
1 43885U 18111K   24004.20504992  .00012552  00000-0  74456-3 0  9995
2 43885  97.6360 276.1742 0014295 166.7903 193.3704 15.11406365274814
0 LEMUR 2 GUSTAVO
1 43885U 18111K   24004.20504992  .00012552  00000-0  74456-3 0  9995
2 43885  97.6360 276.1742 0014295 166.7903 193.3704 15.11406365272812
0 LEMUR 2 GUSTAVO
1 43885U 18111K   24004.73469098  .00011427  00000-0  67806-3 0  9991
2 43885  97.6360 276.7032 0014353 164.9848 195.1810 15.11418475274896
0 LEMUR 2 GUSTAVO
1 43885U 18111K   24005.33053185  .00011872  00000-0  70398-3 0  9998
2 43885  97.6361 277.2985 0014457 163.1421 197.0292 15.11433076272980
0 LEMUR 2 GUSTAVO
1 43885U 18111K   24005.59534841  .00010503  00000-0  62327-3 0  9992
2 43885  97.6360 277.5631 0014498 162.4053 197.7682 15.11437397275026
0 LEMUR 2 GUSTAVO
1 43885U 18111K   24005.72775622  .00010372  00000-0  61549-3 0  9990
2 43885  97.6360 277.6953 0014508 161.9572 198.2176 15.11440655275043
0 LEMUR 2 ZO
1 43886U 18111L   24003.34055192  .00011587  00000-0  69054-3 0  9998
2 43886  97.6256 275.0509 0011929 187.4113 172.6942 15.11285776274693
0 LEMUR 2 ZO
1 43886U 18111L   24003.73781469  .00011420  00000-0  68045-3 0  9999
2 43886  97.6255 275.4470 0012000 185.9291 174.1799 15.11295385274755
0 LEMUR 2 ZO
1 43886U 18111L   24003.73781469  .00011420  00000-0  68045-3 0  9999
2 43886  97.6255 275.4470 0012000 185.9291 174.1799 15.11295385272753
0 LEMUR 2 ZO
1 43886U 18111L   24004.20128463  .00012359  00000-0  73572-3 0  9994
2 43886  97.6254 275.9088 0012143 184.3304 175.7823 15.11307161274829
0 LEMUR 2 ZO
1 43886U 18111L   24004.73096069  .00010859  00000-0  64680-3 0  9991
2 43886  97.6253 276.4372 0012195 182.5121 177.6050 15.11318239274904
0 LEMUR 2 ZO
1 43886U 18111L   24005.26063271  .00011116  00000-0  66177-3 0  9999
2 43886  97.6252 276.9653 0012255 180.8692 179.2518 15.11330141274982
0 LEMUR 2 ZO
1 43886U 18111L   24005.26063271  .00011116  00000-0  66177-3 0  9999
2 43886  97.6252 276.9653 0012255 180.8692 179.2518 15.11330141272980
0 LEMUR 2 ZO
1 43886U 18111L   24005.72409270  .00009747  00000-0  58074-3 0  9997
2 43886  97.6252 277.4274 0012304 179.3409 180.7839 15.11338471275057
0 LEMUR 2 NATALIEMURRAY
1 43887U 18111M   24003.27476832  .00011853  00000-0  69871-3 0  9992
2 43887  97.6383 276.1200 0011065 135.0398 225.1730 15.11682979274718
0 LEMUR 2 NATALIEMURRAY
1 43887U 18111M   24003.73811911  .00011632  00000-0  68555-3 0  9997
2 43887  97.6382 276.5831 0011111 133.6413 226.5740 15.11694567274784
0 LEMUR 2 NATALIEMURRAY
1 43887U 18111M   24004.20146625  .00012707  00000-0  74816-3 0  9994
2 43887  97.6380 277.0461 0011117 132.1992 228.0183 15.11707212274857
0 LEMUR 2 NATALIEMURRAY
1 43887U 18111M   24004.20146625  .00012707  00000-0  74816-3 0  9994
2 43887  97.6380 277.0461 0011117 132.1992 228.0183 15.11707212274857
0 LEMUR 2 NATALIEMURRAY
1 43887U 18111M   24004.73100167  .00011197  00000-0  65963-3 0  9998
2 43887  97.6379 277.5754 0011197 130.8608 229.3594 15.11718696274939
0 LEMUR 2 NATALIEMURRAY
1 43887U 18111M   24005.26053236  .00012254  00000-0  72114-3 0  9992
2 43887  97.6379 278.1047 0011233 129.3954 230.8272 15.11732857275014
0 LEMUR 2 NATALIEMURRAY
1 43887U 18111M   24005.26053236  .00012254  00000-0  72114-3 0  9992
2 43887  97.6379 278.1047 0011233 129.3954 230.8272 15.11732857275014
0 LEMUR 2 NATALIEMURRAY
1 43887U 18111M   24005.72386829  .00010832  00000-0  63787-3 0  9996
2 43887  97.6380 278.5678 0011283 128.2911 231.9335 15.11742245275087
0 LEMUR 2 SARAHBETTYBOO
1 43888U 18111N   24003.26320233  .00012381  00000-0  71809-3 0  9996
2 43888  97.6719 278.3826 0009925 222.0320 138.0150 15.12269822274733
0 LEMUR 2 SARAHBETTYBOO
1 43888U 18111N   24003.72637318  .00012619  00000-0  73155-3 0  9992
2 43888  97.6718 278.8482 0009953 220.5024 139.5467 15.12282158274802
0 LEMUR 2 SARAHBETTYBOO
1 43888U 18111N   24003.72637318  .00012619  00000-0  73155-3 0  9992
2 43888  97.6718 278.8482 0009953 220.5024 139.5467 15.12282158274802
0 LEMUR 2 SARAHBETTYBOO
1 43888U 18111N   24004.18954053  .00013645  00000-0  79032-3 0  9991
2 43888  97.6716 279.3133 0010002 218.9310 141.1201 15.12294735274871
0 LEMUR 2 SARAHBETTYBOO
1 43888U 18111N   24004.71886995  .00013031  00000-0  75471-3 0  9991
2 43888  97.6717 279.8451 0010081 216.8086 143.2453 15.12308008274954
0 LEMUR 2 SARAHBETTYBOO
1 43888U 18111N   24005.31435952  .00014029  00000-0  81171-3 0  9993
2 43888  97.6719 280.4433 0010113 214.6000 145.4573 15.12325183275043
0 LEMUR 2 SARAHBETTYBOO
1 43888U 18111N   24005.31435952  .00014029  00000-0  81171-3 0  9993
2 43888  97.6719 280.4433 0010113 214.6000 145.4573 15.12325183275043
0 LEMUR 2 SARAHBETTYBOO
1 43888U 18111N   24005.71134959  .00012416  00000-0  71881-3 0  9995
2 43888  97.6721 280.8423 0010121 212.9982 147.0618 15.12333580275103
0 LEMUR 2 DAISY-HARPER
1 43889U 18111P   24003.26887208  .00015940  00000-0  89046-3 0  9993
2 43889  97.6602 278.2431 0007805 217.2541 142.8150 15.13572920274743
0 LEMUR 2 DAISY-HARPER
1 43889U 18111P   24003.26887208  .00015940  00000-0  89046-3 0  9993
2 43889  97.6602 278.2431 0007805 217.2541 142.8150 15.13572920274743
0 LEMUR 2 DAISY-HARPER
1 43889U 18111P   24003.73164391  .00015933  00000-0  88970-3 0  9993
2 43889  97.6601 278.7082 0007865 215.4023 144.6687 15.13588534274811
0 LEMUR 2 DAISY-HARPER
1 43889U 18111P   24004.19441131  .00017022  00000-0  94967-3 0  9998
2 43889  97.6599 279.1732 0007938 213.9764 146.0959 15.13604335274883
0 LEMUR 2 DAISY-HARPER
1 43889U 18111P   24004.72328239  .00016273  00000-0  90772-3 0  9997
2 43889  97.6600 279.7049 0008037 211.8496 148.2250 15.13621186274963
0 LEMUR 2 DAISY-HARPER
1 43889U 18111P   24004.72328239  .00016273  00000-0  90772-3 0  9997
2 43889  97.6600 279.7049 0008037 211.8496 148.2250 15.13621186274963
0 LEMUR 2 DAISY-HARPER
1 43889U 18111P   24005.25214751  .00017270  00000-0  96246-3 0  9999
2 43889  97.6600 280.2363 0008062 210.1444 149.9324 15.13639807275041
0 LEMUR 2 DAISY-HARPER
1 43889U 18111P   24005.71489941  .00016110  00000-0  89781-3 0  9993
2 43889  97.6601 280.7015 0008100 208.3935 151.6855 15.13654002275119
0 LEMUR-2-DAYWZAGOODDAY
1 46501U 20068R   24003.42016596  .00020676  00000-0  79497-3 0  9994
2 46501  97.7799 324.0712 0008920 141.3350 218.8528 15.26408526179584
0 LEMUR-2-DAYWZAGOODDAY
1 46501U 20068R   24003.42016596  .00020676  00000-0  79497-3 0  9994
2 46501  97.7799 324.0712 0008920 141.3350 218.8528 15.26408526179584
0 LEMUR-2-DAYWZAGOODDAY
1 46501U 20068R   24003.87904887  .00021360  00000-0  82062-3 0  9995
2 46501  97.7798 324.5490 0008958 139.7653 220.4249 15.26427424179654
0 LEMUR-2-DAYWZAGOODDAY
1 46501U 20068R   24004.46903112  .00021922  00000-0  84136-3 0  9999
2 46501  97.7795 325.1629 0009083 138.1707 222.0226 15.26455272179740
0 LEMUR-2-DAYWZAGOODDAY
1 46501U 20068R   24004.46903112  .00021922  00000-0  84136-3 0  9999
2 46501  97.7795 325.1629 0009083 138.1707 222.0226 15.26455272179740
0 LEMUR-2-DAYWZAGOODDAY
1 46501U 20068R   24004.86234800  .00019812  00000-0  76054-3 0  9999
2 46501  97.7794 325.5725 0009072 136.7863 223.4088 15.26469235179807
0 LEMUR-2-DAYWZAGOODDAY
1 46501U 20068R   24005.45231454  .00021727  00000-0  83286-3 0  9990
2 46501  97.7793 326.1865 0009161 135.3366 224.8611 15.26496074179897
0 LEMUR-2-DAYWZAGOODDAY
1 46501U 20068R   24005.84562090  .00020437  00000-0  78341-3 0  9999
2 46501  97.7793 326.5961 0009121 133.6924 226.5070 15.26510487179955
0 LEMUR-2-DAYWZAGOODDAY
1 46501U 20068R   24005.84562090  .00020437  00000-0  78341-3 0  9999
2 46501  97.7793 326.5961 0009121 133.6924 226.5070 15.26510487179955
0 LEMUR-2-NICHOL
1 46503U 20068T   24003.45700570  .00018481  00000-0  74879-3 0  9991
2 46503  97.7803 323.1895 0008790 148.9863 211.1894 15.24683004179543
0 LEMUR-2-NICHOL
1 46503U 20068T   24003.85077905  .00018299  00000-0  74113-3 0  9992
2 46503  97.7802 323.5983 0008794 147.6148 212.5630 15.24697699179605
0 LEMUR-2-NICHOL
1 46503U 20068T   24003.85077905  .00018299  00000-0  74113-3 0  9992
2 46503  97.7802 323.5983 0008794 147.6148 212.5630 15.24697699179605
0 LEMUR-2-NICHOL
1 46503U 20068T   24004.37580344  .00020290  00000-0  82068-3 0  9998
2 46503  97.7801 324.1435 0008848 146.1115 214.0688 15.24720094179685
0 LEMUR-2-NICHOL
1 46503U 20068T   24004.83519456  .00018616  00000-0  75304-3 0  9999
2 46503  97.7801 324.6205 0008902 144.6509 215.5319 15.24735672179759
0 LEMUR-2-NICHOL
1 46503U 20068T   24005.42583159  .00019788  00000-0  79949-3 0  9996
2 46503  97.7800 325.2340 0009003 142.7194 217.4669 15.24760688179841
0 LEMUR-2-NICHOL
1 46503U 20068T   24005.42583159  .00019788  00000-0  79949-3 0  9996
2 46503  97.7800 325.2340 0009003 142.7194 217.4669 15.24760688179841
0 LEMUR-2-NICHOL
1 46503U 20068T   24005.88521009  .00019123  00000-0  77237-3 0  9993
2 46503  97.7801 325.7109 0009105 141.3070 218.8820 15.24777848179919
0 LEMUR 2 AMANDA-SVANTE
1 48269U 21034B   24003.18428488  .00006276  00000-0  57468-3 0  9995
2 48269  97.6847  71.6688 0002993  30.5336 329.6059 14.95290463145660
0 LEMUR 2 AMANDA-SVANTE
1 48269U 21034B   24003.18428488  .00006276  00000-0  57468-3 0  9995
2 48269  97.6847  71.6688 0002993  30.5336 329.6059 14.95290463145660
0 LEMUR 2 AMANDA-SVANTE
1 48269U 21034B   24003.92038241  .00006583  00000-0  60229-3 0  9991
2 48269  97.6847  72.3905 0002997  28.7930 331.3455 14.95300463145777
0 LEMUR 2 AMANDA-SVANTE
1 48269U 21034B   24004.18805298  .00006607  00000-0  60446-3 0  9992
2 48269  97.6847  72.6527 0002982  28.3326 331.8057 14.95304159145813
0 LEMUR 2 AMANDA-SVANTE
1 48269U 21034B   24004.18805298  .00006607  00000-0  60446-3 0  9992
2 48269  97.6847  72.6527 0002982  28.3326 331.8057 14.95304159145813
0 LEMUR 2 AMANDA-SVANTE
1 48269U 21034B   24004.79030982  .00006183  00000-0  56591-3 0  9994
2 48269  97.6846  73.2428 0003046  27.1485 332.9895 14.95311007145906
0 LEMUR 2 AMANDA-SVANTE
1 48269U 21034B   24005.19181239  .00006068  00000-0  55545-3 0  9991
2 48269  97.6847  73.6365 0003027  26.5821 333.5554 14.95316138145962
0 LEMUR 2 AMANDA-SVANTE
1 48269U 21034B   24005.19181239  .00006068  00000-0  55545-3 0  9991
2 48269  97.6847  73.6365 0003027  26.5821 333.5554 14.95316138145962
0 LEMUR 2 AMANDA-SVANTE
1 48269U 21034B   24005.72714743  .00006041  00000-0  55292-3 0  9992
2 48269  97.6848  74.1613 0002998  25.4112 334.7256 14.95322597146040
0 LEMUR 2 SPECIAL K
1 48273U 21034F   24003.13495646  .00009278  00000-0  84043-3 0  9999
2 48273  97.6847  71.7208 0003688  30.2246 329.9187 14.95581617145673
0 LEMUR 2 SPECIAL K
1 48273U 21034F   24003.73710034  .00008905  00000-0  80664-3 0  9997
2 48273  97.6849  72.3113 0003666  28.7937 331.3485 14.95592608145762
0 LEMUR 2 SPECIAL K
1 48273U 21034F   24003.73710034  .00008905  00000-0  80664-3 0  9997
2 48273  97.6849  72.3113 0003666  28.7937 331.3485 14.95592608145762
0 LEMUR 2 SPECIAL K
1 48273U 21034F   24004.13852730  .00009349  00000-0  84642-3 0  9995
2 48273  97.6851  72.7051 0003658  27.5084 332.6330 14.95600460145827
0 LEMUR 2 SPECIAL K
1 48273U 21034F   24004.74066397  .00008336  00000-0  75514-3 0  9991
2 48273  97.6854  73.2957 0003635  25.4544 334.6856 14.95609905145912
0 LEMUR 2 SPECIAL K
1 48273U 21034F   24004.74066397  .00008336  00000-0  75514-3 0  9991
2 48273  97.6854  73.2957 0003635  25.4544 334.6856 14.95609905145912
0 LEMUR 2 SPECIAL K
1 48273U 21034F   24005.14208599  .00008118  00000-0  73543-3 0  9996
2 48273  97.6855  73.6895 0003628  23.6094 336.5293 14.95616739145975
0 LEMUR 2 SPECIAL K
1 48273U 21034F   24005.74421537  .00007909  00000-0  71644-3 0  9998
2 48273  97.6857  74.2802 0003584  21.6274 338.5098 14.95627270146069
0 LEMUR 2 SPECIAL K
1 48273U 21034F   24005.74421537  .00007909  00000-0  71644-3 0  9998
2 48273  97.6857  74.2802 0003584  21.6274 338.5098 14.95627270146069
0 LEMUR 2 EMBRIONOVIS
1 56970U 23084AQ  24003.31618906  .00010721  00000-0  55401-3 0  9996
2 56970  97.5335 122.8098 0014020 225.6684 134.3400 15.16377912 30955
0 LEMUR 2 EMBRIONOVIS
1 56970U 23084AQ  24003.31618906  .00010721  00000-0  55401-3 0  9996
2 56970  97.5335 122.8098 0014020 225.6684 134.3400 15.16377912 30955
0 LEMUR 2 EMBRIONOVIS
1 56970U 23084AQ  24003.77810761  .00010975  00000-0  56685-3 0  9995
2 56970  97.5333 123.2684 0014062 223.9383 136.0733 15.16388313 31026
0 LEMUR 2 EMBRIONOVIS
1 56970U 23084AQ  24004.30601066  .00011321  00000-0  58440-3 0  9998
2 56970  97.5331 123.7926 0014082 221.9687 138.0468 15.16400922 31102
0 LEMUR 2 EMBRIONOVIS
1 56970U 23084AQ  24004.83391000  .00010197  00000-0  52666-3 0  9994
2 56970  97.5330 124.3167 0014151 220.1854 139.8334 15.16410603 31185
0 LEMUR 2 EMBRIONOVIS
1 56970U 23084AQ  24004.89989717  .00009973  00000-0  51514-3 0  9999
2 56970  97.5331 124.3825 0014161 219.8888 140.1305 15.16411651 31198
0 LEMUR 2 EMBRIONOVIS
1 56970U 23084AQ  24005.29581879  .00010717  00000-0  55312-3 0  9999
2 56970  97.5330 124.7759 0014151 218.6432 141.3790 15.16421158 31259
0 LEMUR 2 EMBRIONOVIS
1 56970U 23084AQ  24005.88969876  .00009602  00000-0  49587-3 0  9999
2 56970  97.5329 125.3659 0014189 216.8326 143.1933 15.16429737 31346
0 LEMUR 2 EMBRIONOVIS
1 56970U 23084AQ  24005.88969876  .00009602  00000-0  49587-3 0  9999
2 56970  97.5329 125.3659 0014189 216.8326 143.1933 15.16429737 31346
0 LEMUR 2 NAZIYAH
1 56974U 23084AU  24003.29522954  .00021216  00000-0  94674-3 0  9990
2 56974  97.5211 123.1727 0012830 218.4902 141.5419 15.21331477 30991
0 LEMUR 2 NAZIYAH
1 56974U 23084AU  24003.29522954  .00021216  00000-0  94674-3 0  9990
2 56974  97.5211 123.1727 0012830 218.4902 141.5419 15.21331477 30991
0 LEMUR 2 NAZIYAH
1 56974U 23084AU  24003.88718950  .00022882  00000-0  10198-2 0  9996
2 56974  97.5212 123.7640 0012881 216.4539 143.5820 15.21358968 31085
0 LEMUR 2 NAZIYAH
1 56974U 23084AU  24004.21605188  .00023696  00000-0  10554-2 0  9992
2 56974  97.5212 124.0928 0012830 215.3935 144.6450 15.21373539 31138
0 LEMUR 2 NAZIYAH
1 56974U 23084AU  24004.87376758  .00021035  00000-0  93687-3 0  9996
2 56974  97.5210 124.7502 0012669 213.2399 146.8042 15.21401663 31234
0 LEMUR 2 NAZIYAH
1 56974U 23084AU  24004.87376758  .00021035  00000-0  93687-3 0  9996
2 56974  97.5210 124.7502 0012669 213.2399 146.8042 15.21401663 31234
0 LEMUR 2 NAZIYAH
1 56974U 23084AU  24005.26839124  .00022473  00000-0  10000-2 0  9995
2 56974  97.5211 125.1444 0012649 211.4728 148.5752 15.21418889 31290
0 LEMUR 2 NAZIYAH
1 56974U 23084AU  24005.86031809  .00020773  00000-0  92408-3 0  9999
2 56974  97.5211 125.7352 0012774 208.9916 151.0611 15.21443468 31387
0 LEMUR 2 AADAM-ALIYAH
1 56977U 23084AX  24003.29385019  .00020652  00000-0  92172-3 0  9996
2 56977  97.5230 123.2296 0013117 219.8723 140.1550 15.21328482 30995
0 LEMUR 2 AADAM-ALIYAH
1 56977U 23084AX  24003.29385019  .00020652  00000-0  92172-3 0  9996
2 56977  97.5230 123.2296 0013117 219.8723 140.1550 15.21328482 30995
0 LEMUR 2 AADAM-ALIYAH
1 56977U 23084AX  24003.88581190  .00022222  00000-0  99058-3 0  9994
2 56977  97.5230 123.8210 0013147 217.7153 142.3162 15.21354370 31083
0 LEMUR 2 AADAM-ALIYAH
1 56977U 23084AX  24004.21467376  .00025455  00000-0  11331-2 0  9999
2 56977  97.5228 124.1499 0013157 216.5575 143.4764 15.21373823 31139
0 LEMUR 2 AADAM-ALIYAH
1 56977U 23084AX  24004.87238792  .00021574  00000-0  96044-3 0  9992
2 56977  97.5229 124.8072 0013157 214.0715 145.9677 15.21404871 31232
0 LEMUR 2 AADAM-ALIYAH
1 56977U 23084AX  24004.87238792  .00021574  00000-0  96044-3 0  9992
2 56977  97.5229 124.8072 0013157 214.0715 145.9677 15.21404871 31232
0 LEMUR 2 AADAM-ALIYAH
1 56977U 23084AX  24005.33277942  .00024385  00000-0  10840-2 0  9996
2 56977  97.5228 125.2673 0013106 212.3651 147.6782 15.21429544 31305
0 LEMUR 2 AADAM-ALIYAH
1 56977U 23084AX  24005.85893308  .00023236  00000-0  10325-2 0  9995
2 56977  97.5229 125.7927 0013148 210.0929 149.9552 15.21454297 31383
0 LEMUR 2 MANO
1 57390U 23100E   24003.43789144  .00006954  00000-0  54411-3 0  9991
2 57390  99.4897 170.2677 0015562 105.5512 254.7426 15.01392198 25387
0 LEMUR 2 MANO
1 57390U 23100E   24003.43789144  .00006954  00000-0  54411-3 0  9991
2 57390  99.4897 170.2677 0015562 105.5512 254.7426 15.01392198 25387
0 LEMUR 2 MANO
1 57390U 23100E   24004.43755163  .00007067  00000-0  55258-3 0  9992
2 57390  99.4895 171.4876 0015494 102.5393 257.7559 15.01406909 25530
0 LEMUR 2 MANO
1 57390U 23100E   24004.90405613  .00006822  00000-0  53365-3 0  9991
2 57390  99.4894 172.0572 0015461 101.0772 259.2186 15.01413727 25605
0 LEMUR 2 MANO
1 57390U 23100E   24005.03734304  .00006536  00000-0  51155-3 0  9995
2 57390  99.4893 172.2198 0015456 100.7507 259.5452 15.01414830 25623
0 LEMUR 2 MANO
1 57390U 23100E   24005.43720220  .00006840  00000-0  53490-3 0  9993
2 57390  99.4892 172.7080 0015451  99.7185 260.5779 15.01420829 25686
0 LEMUR 2 DEVERILL-M-T
1 57391U 23100F   24003.39831030  .00007182  00000-0  55858-3 0  9999
2 57391  99.4685 170.1563 0013310 105.7372 254.5315 15.01627332 25387
0 LEMUR 2 DEVERILL-M-T
1 57391U 23100F   24004.39781443  .00007390  00000-0  57430-3 0  9991
2 57391  99.4685 171.3739 0013386 102.2524 258.0194 15.01642937 25538
0 LEMUR 2 DEVERILL-M-T
1 57391U 23100F   24004.39781443  .00007390  00000-0  57430-3 0  9991
2 57391  99.4685 171.3739 0013386 102.2524 258.0194 15.01642937 25538
0 LEMUR 2 DEVERILL-M-T
1 57391U 23100F   24004.93087945  .00006635  00000-0  51628-3 0  9991
2 57391  99.4685 172.0233 0013478 100.7600 259.5137 15.01649682 25611
0 LEMUR 2 DEVERILL-M-T
1 57391U 23100F   24005.39730873  .00007226  00000-0  56151-3 0  9990
2 57391  99.4687 172.5920 0013537  99.4984 260.7765 15.01657353 25688
0 LEMUR 2 DEVERILL-M-T
1 57391U 23100F   24005.93036859  .00006871  00000-0  53415-3 0  9998
2 57391  99.4688 173.2412 0013566  97.9543 262.3215 15.01664461 25764
0 LEMUR 2 DEVERILL-M-T
1 57391U 23100F   24005.93036859  .00006871  00000-0  53415-3 0  9998
2 57391  99.4688 173.2412 0013566  97.9543 262.3215 15.01664461 25764
0 LEMUR 2 BASS
1 58259U 23174D   24003.18106733  .00006953  00000-0  38383-3 0  9995
2 58259  97.4726  80.1480 0013943 102.5998 257.6794 15.14165735  8535
0 LEMUR 2 BASS
1 58259U 23174D   24004.17233695  .00007295  00000-0  40238-3 0  9995
2 58259  97.4725  81.1211 0013862  99.6185 260.6614 15.14179639  8680
0 LEMUR 2 BASS
1 58259U 23174D   24004.17233695  .00007295  00000-0  40238-3 0  9995
2 58259  97.4725  81.1211 0013862  99.6185 260.6614 15.14179639  8680
0 LEMUR 2 BASS
1 58259U 23174D   24004.76709408  .00007205  00000-0  39736-3 0  9992
2 58259  97.4727  81.7052 0013879  97.8754 262.4054 15.14187996  8774
0 LEMUR 2 BASS
1 58259U 23174D   24005.16359716  .00007132  00000-0  39331-3 0  9990
2 58259  97.4728  82.0942 0013876  96.3897 263.8916 15.14193500  8833
0 LEMUR 2 BASS
1 58259U 23174D   24005.75834859  .00007091  00000-0  39099-3 0  9996
2 58259  97.4731  82.6783 0013885  94.4851 265.7967 15.14202408  8920
0 LEMUR 2 BASS
1 58259U 23174D   24005.75834859  .00007091  00000-0  39099-3 0  9996
2 58259  97.4731  82.6783 0013885  94.4851 265.7967 15.14202408  8920
0 LEMUR 2 DILIGHTFUL
1 58260U 23174E   24003.50166637  .00013005  00000-0  70183-3 0  9992
2 58260  97.4791  80.5300 0013061 102.3927 257.8768 15.14799979  8586
0 LEMUR 2 DILIGHTFUL
1 58260U 23174E   24003.89800888  .00013230  00000-0  71373-3 0  9999
2 58260  97.4792  80.9198 0013056 101.1538 259.1163 15.14810207  8644
0 LEMUR 2 DILIGHTFUL
1 58260U 23174E   24004.16223550  .00013802  00000-0  74419-3 0  9994
2 58260  97.4793  81.1797 0013049 100.2920 259.9784 15.14818082  8680
0 LEMUR 2 DILIGHTFUL
1 58260U 23174E   24004.55857300  .00013061  00000-0  70431-3 0  9990
2 58260  97.4794  81.5696 0013045  99.0124 261.2585 15.14827679  8744
0 LEMUR 2 DILIGHTFUL
1 58260U 23174E   24004.88885231  .00012487  00000-0  67342-3 0  9998
2 58260  97.4796  81.8944 0013048  97.9096 262.3618 15.14835982  8793
0 LEMUR 2 DILIGHTFUL
1 58260U 23174E   24005.48334995  .00013022  00000-0  70173-3 0  9993
2 58260  97.4797  82.4792 0013076  96.0028 264.2695 15.14852558  8882
0 LEMUR 2 DILIGHTFUL
1 58260U 23174E   24005.54940504  .00011821  00000-0  63743-3 0  9999
2 58260  97.4797  82.5442 0013079  95.7786 264.4938 15.14852834  8895
0 LEMUR 2 DILIGHTFUL
1 58260U 23174E   24005.87967851  .00012679  00000-0  68314-3 0  9990
2 58260  97.4798  82.8691 0013113  94.7342 265.5388 15.14862776  8944
0 LEMUR 2 GOOD-VIBES
1 58263U 23174H   24003.17314348  .00011360  00000-0  61611-3 0  9990
2 58263  97.4737  80.1665 0012504 105.3335 254.9280 15.14665021  8538
0 LEMUR 2 GOOD-VIBES
1 58263U 23174H   24003.50345848  .00011456  00000-0  62115-3 0  9992
2 58263  97.4737  80.4910 0012474 104.2693 255.9925 15.14672204  8588
0 LEMUR 2 GOOD-VIBES
1 58263U 23174H   24003.89983458  .00011764  00000-0  63755-3 0  9992
2 58263  97.4738  80.8804 0012470 102.9985 257.2640 15.14681380  8641
0 LEMUR 2 GOOD-VIBES
1 58263U 23174H   24004.42833161  .00012522  00000-0  67811-3 0  9997
2 58263  97.4739  81.3998 0012460 101.2830 258.9803 15.14694838  8722
0 LEMUR 2 GOOD-VIBES
1 58263U 23174H   24004.56045529  .00011778  00000-0  63803-3 0  9994
2 58263  97.4739  81.5295 0012462 100.8946 259.3689 15.14697215  8740
0 LEMUR 2 GOOD-VIBES
1 58263U 23174H   24004.89076315  .00011285  00000-0  61138-3 0  9999
2 58263  97.4740  81.8541 0012471  99.8889 260.3751 15.14704714  8792
0 LEMUR 2 GOOD-VIBES
1 58263U 23174H   24005.48531253  .00012148  00000-0  65751-3 0  9996
2 58263  97.4742  82.4384 0012503  97.9012 262.3639 15.14720403  8889
0 LEMUR 2 GOOD-VIBES
1 58263U 23174H   24005.55137340  .00011070  00000-0  59955-3 0  9995
2 58263  97.4742  82.5033 0012513  97.6974 262.5679 15.14720703  8896
0 LEMUR 2 GOOD-VIBES
1 58263U 23174H   24005.88167581  .00011740  00000-0  63541-3 0  9991
2 58263  97.4743  82.8280 0012539  96.6286 263.6374 15.14729813  8948
0 LEMUR 2 SANITA-VETRA
1 58267U 23174M   24003.49671533  .00013960  00000-0  74938-3 0  9995
2 58267  97.4720  80.4855 0011979 102.8600 257.3971 15.14984097  8586
0 LEMUR 2 SANITA-VETRA
1 58267U 23174M   24003.82696085  .00013458  00000-0  72243-3 0  9990
2 58267  97.4721  80.8100 0011987 101.8036 258.4541 15.14992669  8630
0 LEMUR 2 SANITA-VETRA
1 58267U 23174M   24003.89300977  .00013858  00000-0  74372-3 0  9998
2 58267  97.4721  80.8749 0011981 101.5941 258.6637 15.14994669  8646
0 LEMUR 2 SANITA-VETRA
1 58267U 23174M   24004.48744528  .00014261  00000-0  76483-3 0  9992
2 58267  97.4723  81.4592 0012003  99.6396 260.6193 15.15011963  8736
0 LEMUR 2 SANITA-VETRA
1 58267U 23174M   24004.88373228  .00012741  00000-0  68364-3 0  9991
2 58267  97.4725  81.8488 0012025  98.3954 261.8642 15.15021495  8795
0 LEMUR 2 SANITA-VETRA
1 58267U 23174M   24005.14792197  .00012572  00000-0  67449-3 0  9996
2 58267  97.4725  82.1084 0012049  97.5974 262.6627 15.15028930  8838
0 LEMUR 2 SANITA-VETRA
1 58267U 23174M   24005.47815719  .00013357  00000-0  71610-3 0  9995
2 58267  97.4726  82.4331 0012054  96.5281 263.7324 15.15038477  8881
0 LEMUR 2 SANITA-VETRA
1 58267U 23174M   24005.87443730  .00012816  00000-0  68708-3 0  9992
2 58267  97.4727  82.8226 0012116  95.3413 264.9202 15.15048579  8941
0 LEMUR 2 MARAPAMASM
1 58332U 23174CE  24003.49787096  .00017532  00000-0  88522-3 0  9993
2 58332  97.4712  80.6282 0011079  67.7640 292.4767 15.17104768  8596
0 LEMUR 2 MARAPAMASM
1 58332U 23174CE  24003.82765456  .00017276  00000-0  87213-3 0  9997
2 58332  97.4713  80.9533 0011079  66.7779 293.4619 15.17116144  8645
0 LEMUR 2 MARAPAMASM
1 58332U 23174CE  24003.82765456  .00017276  00000-0  87213-3 0  9997
2 58332  97.4713  80.9533 0011079  66.7779 293.4619 15.17116144  8645
0 LEMUR 2 MARAPAMASM
1 58332U 23174CE  24004.55316936  .00016721  00000-0  84365-3 0  9992
2 58332  97.4714  81.6686 0011099  64.5354 295.7026 15.17141046  8758
0 LEMUR 2 MARAPAMASM
1 58332U 23174CE  24004.88294451  .00016625  00000-0  83857-3 0  9993
2 58332  97.4716  81.9937 0011086  63.5074 296.7295 15.17153061  8801
0 LEMUR 2 MARAPAMASM
1 58332U 23174CE  24005.21271743  .00015929  00000-0  80340-3 0  9990
2 58332  97.4716  82.3189 0011095  62.5262 297.7098 15.17164106  8852
0 LEMUR 2 MARAPAMASM
1 58332U 23174CE  24005.54248798  .00015330  00000-0  77318-3 0  9997
2 58332  97.4717  82.6441 0011089  61.5011 298.7338 15.17174147  8901
0 LEMUR 2 MARAPAMASM
1 58332U 23174CE  24005.87225581  .00016575  00000-0  83524-3 0  9996
2 58332  97.4717  82.9693 0011094  60.5203 299.7136 15.17187236  8956
0 LEMUR 2 THE-CLEANER
1 58333U 23174CF  24003.17482557  .00013509  00000-0  69187-3 0  9999
2 58333  97.4722  80.3010 0011101  68.0594 292.1818 15.16663665  8546
0 LEMUR 2 THE-CLEANER
1 58333U 23174CF  24003.76860796  .00013282  00000-0  68003-3 0  9993
2 58333  97.4722  80.8862 0011010  65.5594 294.6787 15.16678602  8636
0 LEMUR 2 THE-CLEANER
1 58333U 23174CF  24003.76860796  .00013282  00000-0  68003-3 0  9993
2 58333  97.4722  80.8862 0011010  65.5594 294.6787 15.16678602  8636
0 LEMUR 2 THE-CLEANER
1 58333U 23174CF  24004.16445959  .00013995  00000-0  71608-3 0  9994
2 58333  97.4725  81.2765 0010989  64.0888 296.1477 15.16689709  8699
0 LEMUR 2 THE-CLEANER
1 58333U 23174CF  24004.75823120  .00013234  00000-0  67711-3 0  9995
2 58333  97.4726  81.8617 0010986  62.2339 298.0006 15.16705389  8782
0 LEMUR 2 THE-CLEANER
1 58333U 23174CF  24005.15407539  .00012886  00000-0  65922-3 0  9996
2 58333  97.4729  82.2515 0010968  61.0978 299.1354 15.16716148  8843
0 LEMUR 2 THE-CLEANER
1 58333U 23174CF  24005.15407539  .00012886  00000-0  65922-3 0  9996
2 58333  97.4729  82.2515 0010968  61.0978 299.1354 15.16716148  8843
0 LEMUR 2 THE-CLEANER
1 58333U 23174CF  24005.74783658  .00011977  00000-0  61276-3 0  9998
2 58333  97.4729  82.8369 0010997  59.2445 300.9870 15.16731339  8939
0 LEMUR 2 JK0903EM1407
1 58336U 23174CJ  24003.18405127  .00007286  00000-0  38179-3 0  9993
2 58336  97.4719  80.2903 0011209  68.3888 291.8538 15.16030959  8542
0 LEMUR 2 JK0903EM1407
1 58336U 23174CJ  24003.71207881  .00007202  00000-0  37734-3 0  9993
2 58336  97.4718  80.8101 0011157  66.5222 293.7182 15.16039046  8622
0 LEMUR 2 JK0903EM1407
1 58336U 23174CJ  24004.17410088  .00007832  00000-0  40996-3 0  9992
2 58336  97.4719  81.2650 0011117  65.1146 295.1241 15.16046399  8691
0 LEMUR 2 JK0903EM1407
1 58336U 23174CJ  24004.17410088  .00007832  00000-0  40996-3 0  9992
2 58336  97.4719  81.2650 0011117  65.1146 295.1241 15.16046399  8691
0 LEMUR 2 JK0903EM1407
1 58336U 23174CJ  24004.76812591  .00007592  00000-0  39743-3 0  9993
2 58336  97.4720  81.8497 0011092  63.1231 297.1134 15.16054943  8780
0 LEMUR 2 JK0903EM1407
1 58336U 23174CJ  24005.16414059  .00007526  00000-0  39393-3 0  9993
2 58336  97.4720  82.2396 0011067  61.8023 298.4326 15.16060836  8841
0 LEMUR 2 JK0903EM1407
1 58336U 23174CJ  24005.75815940  .00007579  00000-0  39656-3 0  9992
2 58336  97.4723  82.8245 0011051  60.0634 300.1694 15.16070441  8937
0 LEMUR 2 JK0903EM1407
1 58336U 23174CJ  24005.75815940  .00007579  00000-0  39656-3 0  9992
2 58336  97.4723  82.8245 0011051  60.0634 300.1694 15.16070441  8937
0 LEMUR 2 MJR092620
1 58340U 23174CN  24003.17904997  .00007481  00000-0  39020-3 0  9999
2 58340  97.4783  80.3375 0012417  65.7909 294.4620 15.16176025  8545
0 LEMUR 2 MJR092620
1 58340U 23174CN  24003.77302363  .00007557  00000-0  39400-3 0  9990
2 58340  97.4786  80.9232 0012332  64.1556 296.0947 15.16185427  8639
0 LEMUR 2 MJR092620
1 58340U 23174CN  24003.77302363  .00007557  00000-0  39400-3 0  9990
2 58340  97.4786  80.9232 0012332  64.1556 296.0947 15.16185427  8639
0 LEMUR 2 MJR092620
1 58340U 23174CN  24004.16900451  .00008223  00000-0  42830-3 0  9998
2 58340  97.4787  81.3136 0012357  62.5297 297.7191 15.16192209  8690
0 LEMUR 2 MJR092620
1 58340U 23174CN  24004.76297241  .00007775  00000-0  40509-3 0  9992
2 58340  97.4787  81.8990 0012333  60.6186 299.6277 15.16200706  8781
0 LEMUR 2 MJR092620
1 58340U 23174CN  24005.15894867  .00007798  00000-0  40623-3 0  9995
2 58340  97.4788  82.2891 0012314  59.3425 300.9020 15.16207233  8848
0 LEMUR 2 MJR092620
1 58340U 23174CN  24005.15894867  .00007798  00000-0  40623-3 0  9995
2 58340  97.4788  82.2891 0012314  59.3425 300.9020 15.16207233  8848
0 LEMUR 2 MJR092620
1 58340U 23174CN  24005.75290992  .00007626  00000-0  39723-3 0  9999
2 58340  97.4786  82.8738 0012326  57.6323 302.6101 15.16217019  8935
