0 LEMUR 2 JOEL
1 40932U 15052C   20001.51028753 +.00000782 +00000-0 +18337-4 0  9998
2 40932 006.0087 076.3075 0013110 097.9848 262.1768 14.77910747230554
0 LEMUR 2 CHRIS
1 40933U 15052D   20001.34969618 +.00000774 +00000-0 +16887-4 0  9993
2 40933 006.0070 074.7187 0013858 102.6100 257.5578 14.78061646230550
0 LEMUR 2 PETER
1 40935U 15052F   20001.68652997  .00000784  00000-0  19738-4 0  9990
2 40935   6.0043  88.0563 0009964  67.3349 292.7832 14.77202235230445
0 LEMUR 2 XIAOQING
1 41871U 16062C   20001.18697674  .00000394  00000-0  28250-4 0  9994
2 41871  51.6423 343.6526 0005957 343.5126  16.5658 15.26209596172515
0 LEMUR 2 XIAOQING
1 41871U 16062C   20001.64533343 +.00000173 +00000-0 +19846-4 0  9993
2 41871 051.6422 341.4624 0005967 345.2879 014.7925 15.26208985172589
0 LEMUR 2 SOKOLSKY
1 41872U 16062D   20001.45741638  .00000375  00000-0  27626-4 0  9990
2 41872  51.6852 346.9412 0003490  86.4301 273.7078 15.26005230172534
0 LEMUR 2 SOKOLSKY
1 41872U 16062D   20001.58839316 +.00000361 +00000-0 +27101-4 0  9998
2 41872 051.6852 346.3161 0003496 086.7179 273.4201 15.26005328172556
0 LEMUR 2 ANUBHAVTHAKUR
1 41873U 16062E   20001.53540519 +.00000689 +00000-0 +42538-4 0  9992
2 41873 051.6682 357.0200 0003701 296.2682 063.7915 15.23343035172354
0 LEMUR 2 WINGO
1 41874U 16062F   20001.15550251  .00001762  00000-0  81574-4 0  9991
2 41874  51.6576 348.2018 0011623 257.2724 102.6956 15.25680111172441
0 LEMUR 2 WINGO
1 41874U 16062F   20001.67952002 +.00001473 +00000-0 +70391-4 0  9992
2 41874 051.6577 345.7006 0011593 259.4465 100.5208 15.25680871172522
0 LEMUR 2 JOBANPUTRA
1 41991U 17008AV  20001.15272486  .00001050  00000-0  45435-4 0  9999
2 41991  97.3804  69.3124 0007833 165.8819 194.2639 15.24621757159145
0 LEMUR 2 JOBANPUTRA
1 41991U 17008AV  20001.87467971 +.00000930 +00000-0 +40572-4 0  9996
2 41991 097.3804 070.0237 0007913 163.4657 196.6840 15.24622462159258
0 LEMUR 2 SPIRE-MINIONS
1 41992U 17008AW  20001.69630427  .00001118  00000-0  46618-4 0  9991
2 41992  97.3827  70.9869 0007770 160.8314 199.3218 15.25748984159298
0 LEMUR 2 SPIRE-MINIONS
1 41992U 17008AW  20001.82747178 +.00001181 +00000-0 +49075-4 0  9998
2 41992 097.3827 071.1164 0007779 160.3842 199.7697 15.25749638159314
0 LEMUR 2 SATCHMO
1 41993U 17008AX  20001.82679657 +.00000829 +00000-0 +36243-4 0  9996
2 41993 097.3804 070.2279 0007882 162.5698 197.5812 15.24810598159267
0 LEMUR 2 SMITA-SHARAD
1 41994U 17008AY  20001.46460465  .00001198  00000-0  49823-4 0  9990
2 41994  97.3824  70.6479 0007835 160.8014 199.3521 15.25704320159259
0 LEMUR 2 SMITA-SHARAD
1 41994U 17008AY  20001.79253319 +.00001120 +00000-0 +46755-4 0  9990
2 41994 097.3823 070.9716 0007865 159.7717 200.3835 15.25704733159300
0 LEMUR 2 RDEATON
1 41995U 17008AZ  20001.92047357 +.00000832 +00000-0 +36324-4 0  9999
2 41995 097.3806 070.4313 0008543 176.3201 183.8101 15.24875193159968
0 LEMUR 2 TACHIKOMA
1 41996U 17008BA  20001.15369510  .00001407  00000-0  58211-4 0  9991
2 41996  97.3843  70.4586 0008329 177.3521 182.7762 15.25594503159101
0 LEMUR 2 TACHIKOMA
1 41996U 17008BA  20001.80959977 +.00001234 +00000-0 +51373-4 0  9995
2 41996 097.3842 071.1061 0008395 175.0597 185.0725 15.25595185159200
0 LEMUR 2 NOGUECORREIG
1 41997U 17008BB  20001.17896927  .00001363  00000-0  56099-4 0  9994
2 41997  97.3838  70.7095 0008378 176.7443 183.3852 15.25811454159210
0 LEMUR 2 NOGUECORREIG
1 41997U 17008BB  20001.90036184 +.00001184 +00000-0 +49119-4 0  9992
2 41997 097.3838 071.4218 0008456 174.2366 185.8971 15.25812248159322
0 LEMUR 2 MIA-GRACE
1 41998U 17008BC  20001.78194195  .00000762  00000-0  33618-4 0  9994
2 41998  97.3805  70.1424 0008404 177.5976 182.5304 15.24764897159170
0 LEMUR 2 ANGELA
1 42752U 17019B   20001.01317312  .00001273  00000-0  53998-4 0  9990
2 42752  51.6410 264.8945 0010476  65.4724 294.7348 15.30978744143286
0 LEMUR 2 ANGELA
1 42752U 17019B   20001.27427493  .00001149  00000-0  49920-4 0  9992
2 42752  51.6409 263.6377 0010483  66.3274 293.8806 15.30978553143320
0 LEMUR 2 ANGELA
1 42752U 17019B   20001.79647759  .00001193  00000-0  51367-4 0  9995
2 42752  51.6408 261.1241 0010482  68.1498 292.0596 15.30979957143404
0 LEMUR 2 ANGELA
1 42752U 17019B   20001.86175286 +.00001270 +00000-0 +53892-4 0  9995
2 42752 051.6408 260.8098 0010486 068.3788 291.8309 15.30980532143419
0 LEMUR 2 JENNYBARNA
1 42753U 17019C   20001.43572705  .00001760  00000-0  67389-4 0  9996
2 42753  51.6393 258.0730 0010052  69.7598 290.4463 15.32273215143363
0 LEMUR 2 JENNYBARNA
1 42753U 17019C   20001.89226775 +.00001612 +00000-0 +62727-4 0  9996
2 42753 051.6403 255.8710 0010070 071.5390 288.6685 15.32273268143430
0 LEMUR 2 ROBMOORE
1 42754U 17019D   20001.13394846  .00001610  00000-0  65240-4 0  9990
2 42754  51.6407 264.9252 0010437  67.9473 292.2616 15.30875994143274
0 LEMUR 2 ROBMOORE
1 42754U 17019D   20001.78674541  .00001328  00000-0  55954-4 0  9991
2 42754  51.6406 261.7833 0010442  70.1796 290.0310 15.30876734143374
0 LEMUR 2 SPIROVISION
1 42755U 17019E   20001.14872428  .00001202  00000-0  49692-4 0  9999
2 42755  51.6408 259.5184 0010047  73.5414  79.5550 15.32341975143233
0 LEMUR 2 SPIROVISION
1 42755U 17019E   20001.33530274  .00001294  00000-0  52580-4 0  9991
2 42755  51.6407 258.6191 0010066  74.7814  28.2362 15.32343242143262
0 LEMUR 2 SPIROVISION
1 42755U 17019E   20001.91972456 +.00001527 +00000-0 +59905-4 0  9994
2 42755 051.6403 255.7989 0010107 075.8394 013.2145 15.32347014143356
0 LEMUR 2 SPIROVISION
1 42755U 17019E   20001.97116416  .00001650  00000-0  63766-4 0  9993
2 42755  51.6405 255.5512 0010090  75.7064 297.3023 15.32348251143367
0 LEMUR 2 SHAINAJOHL
1 42771U 17036G   20001.12016674  .00001154  00000-0  52635-4 0  9994
2 42771  97.3277  58.7457 0012907 247.5032 112.4839 15.22560105140118
0 LEMUR 2 SHAINAJOHL
1 42771U 17036G   20001.77737777 +.00000944 +00000-0 +43597-4 0  9992
2 42771 097.3277 059.3865 0012943 244.9153 115.0741 15.22560312140215
0 LEMUR 2 XUENITERENCE
1 42772U 17036H   20001.84596599 +.00001007 +00000-0 +46030-4 0  9992
2 42772 097.3254 059.4840 0012442 243.5814 116.4146 15.22752356140235
0 LEMUR 2 LUCYBRYCE
1 42773U 17036J   20001.39288773  .00000673  00000-0  31818-4 0  9991
2 42773  97.3302  59.5524 0012470 243.8823 116.1131 15.22704120140185
0 LEMUR 2 LUCYBRYCE
1 42773U 17036J   20001.78717696 +.00000623 +00000-0 +29639-4 0  9998
2 42773 097.3302 059.9372 0012491 242.4629 117.5339 15.22704383140245
0 LEMUR 2 KUNGFOO
1 42774U 17036K   20001.10300762  .00001136  00000-0  51628-4 0  9990
2 42774  97.3277  58.9219 0012335 246.3118 113.6825 15.22714717140114
0 LEMUR 2 KUNGFOO
1 42774U 17036K   20001.69443758 +.00000930 +00000-0 +42808-4 0  9998
2 42774 097.3277 059.4987 0012364 243.9451 116.0513 15.22714824140207
0 LEMUR 2 LYNSEY-SYMO
1 42779U 17036Q   20001.74069495  .00000939  00000-0  41435-4 0  9995
2 42779  97.3300  61.0811 0010220 249.2180 110.7963 15.24156525140290
0 LEMUR 2 LYNSEY-SYMO
1 42779U 17036Q   20001.87199941 +.00000999 +00000-0 +43894-4 0  9996
2 42779 097.3300 061.2095 0010224 248.6749 111.3398 15.24157123140311
0 LEMUR 2 LISASAURUS
1 42780U 17036R   20001.11979143  .00001137  00000-0  50962-4 0  9994
2 42780  97.3292  59.8450 0010389 253.5549 106.4547 15.23196086140171
0 LEMUR 2 LISASAURUS
1 42780U 17036R   20001.84242164 +.00000983 +00000-0 +44472-4 0  9997
2 42780 097.3291 060.5505 0010416 250.5747 109.4365 15.23196730140287
0 LEMUR 2 SAM-AMELIA
1 42781U 17036S   20001.89410381 +.00000681 +00000-0 +31457-4 0  9995
2 42781 097.3307 061.0187 0010468 249.8069 110.2043 15.23456745140304
0 LEMUR 2 MCPEAKE
1 42782U 17036T   20001.11809637  .00001218  00000-0  53749-4 0  9992
2 42782  97.3295  60.2249 0010033 253.0240 106.9898 15.23593118140189
0 LEMUR 2 MCPEAKE
1 42782U 17036T   20001.90621488 +.00001061 +00000-0 +47226-4 0  9994
2 42782 097.3295 060.9947 0010064 249.7534 110.2621 15.23594013140304
0 LEMUR 2 GREENBERG
1 42837U 17042N   20001.15409827  .00000420  00000-0  46587-4 0  9997
2 42837  97.5452 251.7056 0014319 117.8452 242.4220 14.92039565134288
0 LEMUR 2 GREENBERG
1 42837U 17042N   20001.69061126 +.00000418 +00000-0 +46391-4 0  9992
2 42837 097.5451 252.2195 0014334 116.2744 243.9951 14.92039691134367
0 LEMUR 2 ANDIS
1 42838U 17042P   20001.47801143  .00000096  00000-0  14763-4 0  9990
2 42838  97.5451 252.0391 0014477 116.7146 243.5557 14.92014448134331
0 LEMUR 2 ANDIS
1 42838U 17042P   20001.81333751 +.00000112 +00000-0 +16344-4 0  9999
2 42838 097.5451 252.3603 0014491 115.6875 244.5843 14.92014602134389
0 LEMUR 2 MONSON
1 42839U 17042Q   20001.72118438  .00000201  00000-0  25157-4 0  9994
2 42839  97.5457 252.1928 0014114 115.7889 244.4789 14.91844469134369
0 LEMUR 2 MONSON
1 42839U 17042Q   20001.92240272 +.00000190 +00000-0 +24112-4 0  9995
2 42839 097.5457 252.3855 0014131 115.1794 245.0893 14.91844609134390
0 LEMUR 2 FURIAUS
1 42840U 17042R   20001.17433445  .00000383  00000-0  43053-4 0  9999
2 42840  97.5454 251.8246 0014270 117.5771 242.6900 14.91993081134281
0 LEMUR 2 FURIAUS
1 42840U 17042R   20001.91206193 +.00000313 +00000-0 +36097-4 0  9992
2 42840 097.5453 252.5312 0014303 115.3280 244.9423 14.91993326134399
0 LEMUR 2 PETERG
1 42841U 17042S   20001.12797970  .00000265  00000-0  31213-4 0  9995
2 42841  97.5468 252.0804 0013796 114.8341 245.4315 14.92254442134301
0 LEMUR 2 PETERG
1 42841U 17042S   20001.79852352 +.00000163 +00000-0 +21199-4 0  9993
2 42841 097.5467 252.7230 0013832 112.7936 247.4746 14.92254588134400
0 LEMUR 2 DEMBITZ
1 42842U 17042T   20001.78879557 +.00000272 +00000-0 +31922-4 0  9995
2 42842 097.5460 252.7072 0013955 113.8314 246.4370 14.92251965134404
0 LEMUR 2 DEMBITZ
1 42842U 17042T   20001.92290447  .00000273  00000-0  31970-4 0  9990
2 42842  97.5460 252.8357 0013964 113.4229 246.8460 14.92252136134429
0 LEMUR 2 ZACHARY
1 42845U 17042W   20001.12017968  .00000366  00000-0  40839-4 0  9997
2 42845  97.5399 251.7593 0014178 118.9532 241.3111 14.92505073134310
0 LEMUR 2 ZACHARY
1 42845U 17042W   20001.79061095 +.00000255 +00000-0 +30028-4 0  9996
2 42845 097.5399 252.4014 0014212 116.9164 243.3510 14.92505325134410
0 LEMUR 2 ARTFISCHER
1 42881U 17042BJ  20001.88721034 +.00002944 +00000-0 +75827-4 0  9995
2 42881 096.9123 238.5229 0010160 211.5121 148.5519 15.39913973138259
0 LEMUR 2 ROCKETJONAH
1 43041U 17071E   20001.69393431  .00004795  00000-0  10675-3 0  9996
2 43041  51.6365 159.4975 0001267  95.1184 264.9948 15.45578125118896
0 LEMUR 2 YONGLIN
1 43045U 17071J   20001.83163043 +.00005346 +00000-0 +11482-3 0  9990
2 43045 051.6374 155.9875 0004328 146.4116 213.7147 15.46398331116684
0 LEMUR 2 KEVIN
1 43046U 17071K   20001.86229591 +.00004453 +00000-0 +10182-3 0  9999
2 43046 051.6379 159.9342 0004298 142.0546 218.0744 15.44966214116633
0 LEMUR 2 KEVIN
1 43046U 17071K   20001.99166324  .00004660  00000-0  10613-3 0  9996
2 43046  51.6379 159.2981 0004277 142.4456 217.6830 15.44968021116657
0 LEMUR 2 BRIANDAVIE
1 43047U 17071L   20001.73388113  .00004354  00000-0  99066-4 0  9991
2 43047  51.6364 161.2264 0003000 173.5746 186.5280 15.45176643116597
0 LEMUR 2 BRIANDAVIE
1 43047U 17071L   20001.86323088 +.00005034 +00000-0 +11313-3 0  9999
2 43047 051.6363 160.5901 0002993 173.9757 186.1267 15.45179189116614
0 LEMUR 2 ROMACOSTE
1 43048U 17071M   20001.83118469  .00004641  00000-0  10299-3 0  9997
2 43048  51.6371 158.9533 0002914 173.8406 186.2617 15.45757113116630
0 LEMUR 2 MCCULLAGH
1 43051U 17071Q   20001.81893851  .00004381  00000-0  97971-4 0  9998
2 43051  51.6382 158.8785 0000454  41.6835 318.4186 15.45671598116585
0 LEMUR 2 DUNLOP
1 43053U 17071S   20001.83940799 +.00005420 +00000-0 +12268-3 0  9996
2 43053 051.6359 161.9069 0000362 031.6053 328.4955 15.44784376116550
0 LEMUR 2 DUNLOP
1 43053U 17071S   20001.90409933  .00005406  00000-0  12239-3 0  9996
2 43053  51.6359 161.5889 0000365  31.6948 328.4060 15.44785178116561
0 LEMUR 2 LIU-POU-CHUN
1 43054U 17071T   20001.73643262  .00004039  00000-0  92094-4 0  9992
2 43054  51.6368 159.7894 0001275 110.5203 249.5921 15.45318921116578
0 LEMUR 2 LIU-POU-CHUN
1 43054U 17071T   20001.86577049 +.00004520 +00000-0 +10200-3 0  9998
2 43054 051.6368 159.1530 0001285 110.9411 249.1713 15.45321228116596
0 LEMUR 2 MCCAFFERTY
1 43123U 18004N   20001.19047153  .00001460  00000-0  61770-4 0  9995
2 43123  97.4692  73.9411 0008066 283.6463  76.3876 15.24808865109441
0 LEMUR 2 MCCAFFERTY
1 43123U 18004N   20001.84671222 +.00001262 +00000-0 +53777-4 0  9995
2 43123 097.4691 074.5956 0008053 280.8536 079.1795 15.24809469109551
0 LEMUR 2 PETERWEBSTER
1 43124U 18004P   20001.70045533 +.00001281 +00000-0 +54632-4 0  9993
2 43124 097.4697 074.3432 0008043 280.0154 080.0176 15.24761941109525
0 LEMUR 2 BROWNCOW
1 43125U 18004Q   20001.14992276  .00001561  00000-0  65356-4 0  9993
2 43125  97.4700  74.0004 0007858 283.1013  76.9347 15.25064623109454
0 LEMUR 2 BROWNCOW
1 43125U 18004Q   20001.74044054 +.00001279 +00000-0 +54063-4 0  9990
2 43125 097.4700 074.5895 0007845 280.5317 079.5037 15.25064705109547
0 LEMUR 2 DAVEWILSON
1 43126U 18004R   20001.84155529 +.00001420 +00000-0 +59938-4 0  9996
2 43126 097.4698 074.6191 0007902 280.0685 079.9661 15.24936400109558
0 LEMUR 2 MARSHALL
1 43165U 18010C   20001.84688498  .00001094  00000-0  48329-4 0  9991
2 43165  82.9167 193.0290 0029580 265.8797  93.9058 15.20207668107904
0 LEMUR 2 TALLHAMN-ATC
1 43167U 18010E   20001.02718970  .00001350  00000-0  64155-4 0  9992
2 43167  82.9199 196.0471 0023063 282.1848  77.6804 15.18078741107648
0 LEMUR 2 TALLHAMN-ATC
1 43167U 18010E   20001.81817120 +.00001235 +00000-0 +58567-4 0  9998
2 43167 082.9199 195.3070 0023043 279.2210 080.6419 15.18079549107769
0 LEMUR 2 JIN-LUEN
1 43182U 18014C   20001.74193006  .00000444  00000-0  44171-4 0  9998
2 43182  97.6953 271.1675 0015482  71.1981 289.0918 14.96441164104579
0 LEMUR 2 URAMCHANSOL
1 43183U 18014D   20001.72199653 -.00000123  00000-0 -57449-5 0  9990
2 43183  97.6959 271.1922 0015364  70.5383 289.7497 14.96498497104579
0 LEMUR 2 KADI
1 43184U 18014E   20001.71174882  .00000077  00000-0  11816-4 0  9990
2 43184  97.6962 271.2093 0015532  71.7567 288.5344 14.96515915104571
0 LEMUR 2 THENICKMOLO
1 43185U 18014F   20001.50797017  .00000346  00000-0  35514-4 0  9999
2 43185  97.6969 271.0290 0015355  72.6724 287.6176 14.96505966104549
0 LEMUR 2 THENICKMOLO
1 43185U 18014F   20001.77542514 +.00000290 +00000-0 +30547-4 0  9997
2 43185 097.6968 271.2921 0015346 071.8260 288.4630 14.96506140104580
0 LEMUR 2 VU
1 43558U 18046E   20001.79981910 +.00001182 +00000-0 +52132-4 0  9990
2 43558 051.6408 188.7968 0008283 062.5042 297.6780 15.30188878081735
0 LEMUR 2 ALEXANDER
1 43559U 18046F   20001.77868457 +.00001431 +00000-0 +60318-4 0  9991
2 43559 051.6409 188.6638 0008268 062.2258 297.9560 15.30309483081511
0 LEMUR 2 YUASA
1 43560U 18046G   20001.81044183 +.00000723 +00000-0 +36771-4 0  9999
2 43560 051.6409 188.8598 0008745 075.0783 285.1166 15.30096635081732
0 LEMUR 2 TOMHENDERSON
1 43561U 18046H   20001.81276649 +.00000755 +00000-0 +37880-4 0  9991
2 43561 051.6410 188.8764 0008808 073.8545 286.3404 15.30067004081299
0 LEMUR 2 ZUPANSKI
1 43695U 18088F   20001.52809397  .00000963  00000-0  41770-4 0  9999
2 43695  85.0320 188.3556 0016567 196.1319 163.9397 15.20784606 63228
0 LEMUR 2 ZUPANSKI
1 43695U 18088F   20001.79129330 +.00000943 +00000-0 +40866-4 0  9993
2 43695 085.0321 188.1819 0016603 195.1313 164.9434 15.20784915063296
0 LEMUR 2 CHANUSIAK
1 43697U 18088H   20001.78054766 +.00000958 +00000-0 +40609-4 0  9995
2 43697 085.0382 188.2087 0015970 175.8182 184.3197 15.21546920063338
0 LEMUR 2 ORZULAK
1 43731U 18096N   20001.17362778  .00001535  00000-0  58496-4 0  9996
2 43731  97.4423  76.2653 0020469   6.2500 353.8991 15.28109084 60745
0 LEMUR 2 ORZULAK
1 43731U 18096N   20001.82845123 +.00001331 +00000-0 +51078-4 0  9991
2 43731 097.4422 076.9193 0020407 003.9165 356.2231 15.28109697060848
0 LEMUR 2 KOBYSZCZE
1 43732U 18096P   20001.72719518  .00001219  00000-0  46788-4 0  9996
2 43732  97.4427  76.9160 0020517   4.4955 355.6465 15.28259528 60833
0 LEMUR 2 KOBYSZCZE
1 43732U 18096P   20001.92362256 +.00001304 +00000-0 +49871-4 0  9992
2 43732 097.4427 077.1123 0020500 003.7885 356.3506 15.28260511060862
0 LEMUR 2 DULY
1 43745U 18096AC  20001.15105884  .00001962  00000-0  73631-4 0  9994
2 43745  97.4423  76.2917 0020483   6.1943 353.9546 15.28264611 60755
0 LEMUR 2 DULY
1 43745U 18096AC  20001.87129113 +.00001742 +00000-0 +65681-4 0  9996
2 43745 097.4423 077.0111 0020409 003.6511 356.4874 15.28265937060867
0 LEMUR 2 VLADIMIR
1 43746U 18096AD  20001.71097203 +.00001274 +00000-0 +48636-4 0  9995
2 43746 097.4422 076.9117 0020451 004.4871 355.6548 15.28369076060864
0 LEMUR 2 CHRISTINAHOLT
1 43882U 18111G   20001.76789213  .00000762  00000-0  71661-4 0  9993
2 43882  97.7137 272.2123 0013441  84.6628 275.6126 14.96726155 53426
0 LEMUR 2 CHRISTINAHOLT
1 43882U 18111G   20001.83474607 +.00000770 +00000-0 +72339-4 0  9991
2 43882 097.7137 272.2783 0013443 084.4528 275.8226 14.96726342055431
0 LEMUR 2 TINYKEV
1 43883U 18111H   20001.48739848  .00000721  00000-0  67982-4 0  9998
2 43883  97.7132 271.9758 0013324  86.8746 273.4000 14.96774366 53386
0 LEMUR 2 TINYKEV
1 43883U 18111H   20001.82165784 +.00000767 +00000-0 +72058-4 0  9998
2 43883 097.7132 272.3054 0013332 085.8741 274.4004 14.96775021055435
0 LEMUR 2 REMY-COLTON
1 43884U 18111J   20001.14787643  .00000683  00000-0  64587-4 0  9993
2 43884  97.7136 271.6731 0012884  86.7534 273.5161 14.96839042 53341
0 LEMUR 2 REMY-COLTON
1 43884U 18111J   20001.48212164  .00000665  00000-0  63065-4 0  9991
2 43884  97.7136 272.0028 0012906  85.7637 274.5060 14.96839214 53398
0 LEMUR 2 REMY-COLTON
1 43884U 18111J   20001.81636663  .00000689  00000-0  65139-4 0  9992
2 43884  97.7136 272.3325 0012923  84.7831 275.4865 14.96839695 53447
0 LEMUR 2 REMY-COLTON
1 43884U 18111J   20001.88321558 +.00000717 +00000-0 +67554-4 0  9998
2 43884 097.7136 272.3984 0012929 084.5886 275.6810 14.96839919055445
0 LEMUR 2 GUSTAVO
1 43885U 18111K   20001.47514056  .00000334  00000-0  34222-4 0  9992
2 43885  97.7133 272.0154 0012809  85.4235 274.8450 14.96805750 53382
0 LEMUR 2 GUSTAVO
1 43885U 18111K   20001.87624349 +.00000373 +00000-0 +37572-4 0  9997
2 43885 097.7133 272.4110 0012827 084.2811 275.9872 14.96806132055449
0 LEMUR 2 ZO
1 43886U 18111L   20001.78881913 -.00000182  00000-0 -10763-4 0  9993
2 43886  97.7146 272.3940 0012837  82.4541 277.8138 14.96898573 53438
0 LEMUR 2 ZO
1 43886U 18111L   20001.85566539 -.00000165 +00000-0 -92623-5 0  9992
2 43886 097.7146 272.4599 0012834 082.2602 278.0076 14.96898670055447
0 LEMUR 2 NATALIEMURRAY
1 43887U 18111M   20001.15940785  .00000956  00000-0  87981-4 0  9991
2 43887  97.7146 271.8364 0013216  85.0479 275.2251 14.97013989 55345
0 LEMUR 2 NATALIEMURRAY
1 43887U 18111M   20001.76097850 +.00000925 +00000-0 +85282-4 0  9992
2 43887 097.7146 272.4300 0013242 083.2114 277.0614 14.97014777055436
0 LEMUR 2 SARAHBETTYBOO
1 43888U 18111N   20001.81335751  .00000374  00000-0  37504-4 0  9996
2 43888  97.7146 272.5494 0012846  82.0459 278.2220 14.97062218 55440
0 LEMUR 2 DAISY-HARPER
1 43889U 18111P   20001.79696064 -.00000036  00000-0  19456-5 0  9994
2 43889  97.7149 272.5689 0012697  80.6633 279.6024 14.97143110 55439
0 LEMUR 2 DAISY-HARPER
1 43889U 18111P   20001.86379603 -.00000012 +00000-0 +40077-5 0  9996
2 43889 097.7149 272.6349 0012696 080.4721 279.7935 14.97143222055445
0 LEMUR-2 JOHANLORAN
1 44084U 19018G   20001.70516954  .00001431  00000-0  64874-4 0  9991
2 44084  97.4339  64.6040 0014338  43.3013 316.9348 15.22385224 41878
0 LEMUR-2 JOHANLORAN
1 44084U 19018G   20001.90235431 +.00001556 +00000-0 +70286-4 0  9993
2 44084 097.4339 064.7990 0014324 042.6491 317.5855 15.22386557041915
0 LEMUR-2 BEAUDACIOUS
1 44085U 19018H   20001.89953178 +.00001477 +00000-0 +66913-4 0  9991
2 44085 097.4338 064.8046 0014373 043.3199 316.9165 15.22373799041916
0 LEMUR-2 ELHAM
1 44086U 19018J   20001.15904227  .00002050  00000-0  91151-4 0  9992
2 44086  97.4345  64.1291 0014535  46.1258 314.1176 15.22562994 41792
0 LEMUR-2 ELHAM
1 44086U 19018J   20001.81624994 +.00001810 +00000-0 +80827-4 0  9996
2 44086 097.4344 064.7792 0014491 043.9905 316.2482 15.22563997041908
0 LEMUR-2 VICTOR-ANDREW
1 44087U 19018K   20001.15179217  .00002056  00000-0  91317-4 0  9996
2 44087  97.4345  64.1372 0014422  47.0687 313.1757 15.22598500 41802
0 LEMUR-2 VICTOR-ANDREW
1 44087U 19018K   20001.87470380 +.00001776 +00000-0 +79294-4 0  9998
2 44087 097.4344 064.8524 0014369 044.7339 315.5053 15.22599522041917
0 LEMUR 2 LILLYJO
1 44396U 19038L   20001.84091124  .00001223  00000-0  74164-4 0  9993
2 44396  97.5123 325.5014 0024699 347.9912  12.0726 15.12197428 27243
0 LEMUR 2 WANLI
1 44402U 19038S   20001.18711491  .00001348  00000-0  81519-4 0  9994
2 44402  97.5129 324.8540 0024870 350.5492   9.5267 15.12132563 27157
0 LEMUR 2 WANLI
1 44402U 19038S   20001.84884981 +.00001199 +00000-0 +72923-4 0  9995
2 44402 097.5129 325.5049 0024806 348.2675 011.7974 15.12133226027253
0 LEMUR 2 MORAG
1 44403U 19038T   20001.84748816  .00001252  00000-0  75985-4 0  9993
2 44403  97.5161 325.5703 0023690 351.8337   8.2504 15.12152730 27253
0 LEMUR 2 DUSTINTHEWIND
1 44405U 19038V   20001.17469237  .00001566  00000-0  93763-4 0  9990
2 44405  97.5116 324.8427 0024728 350.1538   9.9204 15.12248991 27157
0 LEMUR 2 DUSTINTHEWIND
1 44405U 19038V   20001.90254433 +.00001465 +00000-0 +87939-4 0  9997
2 44405 097.5117 325.5587 0024662 347.6261 012.4361 15.12250475027269
0 LEMUR 2 ALEX-MADDY
1 44407U 19038X   20001.84985404  .00000897  00000-0  55652-4 0  9996
2 44407  97.5161 325.5615 0023682 352.1739   7.9118 15.12072820 27247
0 LEMUR 2 EJATTA
1 44409U 19038Z   20001.42840214  .00001423  00000-0  85274-4 0  9990
2 44409  97.5113 325.1070 0024554 348.7820  11.2860 15.12363205 27194
0 LEMUR 2 EJATTA
1 44409U 19038Z   20001.89154520 +.00001460 +00000-0 +87419-4 0  9993
2 44409 097.5114 325.5626 0024514 347.1413 012.9189 15.12364891027265
0 LEMUR 2 GREGROBINSON
1 44411U 19038AB  20001.85662342  .00001268  00000-0  77048-4 0  9991
2 44411  97.5170 325.5770 0023813 352.5851   7.5024 15.12087644 26925
0 LEMUR 2 YNDRD
1 44413U 19038AD  20001.84213310  .00000769  00000-0  48153-4 0  9999
2 44413  97.5154 325.5563 0023532 351.8846   8.2000 15.12124054 27259
0 LEMUR 2 JPGSQUARED
1 44855U 19089D   20001.10572921  .00000597  00000-0  55221-4 0  9993
2 44855  36.9711  13.2048 0005684 128.4992 231.6250 14.98677342  3082
0 LEMUR 2 JPGSQUARED
1 44855U 19089D   20001.37223109  .00000598  00000-0  55301-4 0  9993
2 44855  36.9704  11.6301 0005534 131.6926 228.4291 14.98677492  3125
0 LEMUR 2 HIMOMANDDAD
1 44860U 19089J   20001.10746620  .00000711  00000-0  64724-4 0  9994
2 44860  36.9691  13.2183 0005740 125.4619 234.6660 14.98553125  3081
0 LEMUR 2 HIMOMANDDAD
1 44860U 19089J   20001.37399046  .00000689  00000-0  62932-4 0  9992
2 44860  36.9691  11.6444 0005732 127.7656 232.3600 14.98553265  3129
0 LEMUR 2 PAPPY
1 44861U 19089K   20001.10680666 -.00000079  00000-0  00000+0 0  9992
2 44861  36.9697  13.2155 0005918 136.5923 223.5320 14.98593394  3021
0 LEMUR 2 PAPPY
1 44861U 19089K   20001.37332204 -.00000079  00000-0  00000+0 0  9993
2 44861  36.9699  11.6415 0006029 137.9610 222.1627 14.98593879  3063
0 LEMUR 2 THEODOSIA
1 44863U 19089M   20001.17282868  .00001145  00000-0  10000-3 0  9992
2 44863  36.9697  12.8136 0005628 127.6752 232.4488 14.98648032  2939
0 LEMUR 2 THEODOSIA
1 44863U 19089M   20001.43933793  .00001145  00000-0  10000-3 0  9991
2 44863  36.9697  11.2401 0005657 130.0600 230.0596 14.98647786  2972
